#OTU ID	LG10	LG1	LG3	LG6	LG8	LP10	LP1	LP3	LP6	LP8
Zotu1	11495	0	4199	5462	13851	195	3	134	67199	153
Zotu10	6775	0	2470	8277	5349	13	208	4	2004	43
Zotu100	54	0	0	59	330	350	0	0	27	175
Zotu1000	0	0	0	0	0	0	0	0	49	0
Zotu1001	0	0	0	79	0	0	0	0	0	0
Zotu1002	108	202	104	17	39	71	46	55	15	5
Zotu1003	58	0	0	0	6	0	0	0	0	0
Zotu1004	2	0	47	1	0	0	0	0	0	0
Zotu1005	27	0	0	0	47	0	0	0	0	0
Zotu1006	0	0	5	0	0	0	0	0	45	0
Zotu1007	80	0	6	23	21	0	1	1	0	0
Zotu1008	0	0	0	64	0	0	0	0	0	0
Zotu1009	0	37	0	0	0	0	0	0	0	0
Zotu101	2	0	1	69	5	0	0	0	0	0
Zotu1010	35	0	0	0	24	0	0	0	0	2
Zotu1011	30	0	0	0	20	7	0	0	0	4
Zotu1012	0	0	0	0	0	71	0	0	0	2
Zotu1013	0	78	0	0	22	1	0	0	0	0
Zotu1014	0	0	0	0	0	0	0	0	0	0
Zotu1015	3	0	0	0	0	5	0	0	0	4
Zotu1016	0	0	0	0	0	0	0	0	0	0
Zotu1017	0	0	0	0	0	0	0	78	0	0
Zotu1018	0	0	0	34	0	0	0	0	0	0
Zotu1019	0	0	49	0	9	0	0	0	0	0
Zotu102	0	0	937	0	1	0	606	434	504	0
Zotu1020	7	0	0	19	30	0	0	0	0	0
Zotu1021	0	0	75	0	0	0	0	0	0	0
Zotu1022	26	0	0	14	23	0	0	0	0	0
Zotu1023	11	0	0	0	7	0	0	0	0	0
Zotu1024	3	0	0	0	2	0	0	0	0	0
Zotu1025	0	53	0	0	0	0	0	0	0	0
Zotu1026	0	0	0	16	0	0	0	0	0	0
Zotu1027	0	0	6	0	0	3	0	44	0	0
Zotu1028	1	0	0	0	0	0	0	0	0	0
Zotu1029	0	0	0	0	0	9	0	0	0	26
Zotu103	896	0	0	175	229	12	114	0	36	2
Zotu1030	0	0	0	0	0	0	0	0	0	0
Zotu1031	25	0	0	9	15	0	0	0	0	0
Zotu1032	1	0	5	41	1	0	0	0	0	0
Zotu1033	23	0	0	0	9	3	0	0	0	7
Zotu1034	0	0	0	45	0	0	0	0	0	0
Zotu1035	0	0	0	0	0	0	0	0	64	0
Zotu1036	27	0	0	0	15	0	0	0	0	0
Zotu1037	0	0	0	46	0	1	0	0	0	0
Zotu1038	0	58	0	0	0	0	0	0	0	0
Zotu1039	2	0	3	1	1	0	0	0	0	0
Zotu104	21	0	0	0	0	0	0	0	0	0
Zotu1040	11	0	0	8	21	0	0	0	0	1
Zotu1041	0	0	70	0	0	0	0	0	0	0
Zotu1042	5	0	0	0	12	0	0	83	0	0
Zotu1043	21	0	0	0	25	0	0	0	0	0
Zotu1044	0	0	0	0	0	34	0	0	0	32
Zotu1045	0	15	0	0	0	0	0	0	0	0
Zotu1046	0	0	72	0	0	0	0	0	0	0
Zotu1047	3	0	36	19	25	0	0	6	0	0
Zotu1048	0	0	0	0	0	0	0	0	0	0
Zotu1049	1	0	0	28	34	1	0	0	0	0
Zotu105	8	328	72	69	13	1	101	141	32	1
Zotu1050	0	0	0	54	0	0	0	0	0	0
Zotu1051	0	0	85	0	0	0	0	0	0	0
Zotu1052	0	0	1	25	2	0	173	112	2	0
Zotu1053	0	0	0	0	0	801	2	2	3	531
Zotu1054	0	49	0	0	6	0	0	0	0	0
Zotu1055	43	0	0	0	0	0	0	0	0	0
Zotu1056	14	0	0	10	49	7	0	0	0	8
Zotu1057	0	0	0	0	51	0	0	0	0	0
Zotu1058	0	0	0	0	0	0	0	0	52	0
Zotu1059	0	0	0	0	60	0	0	0	0	0
Zotu106	16	0	0	0	18	9	0	0	0	6
Zotu1060	0	0	0	18	0	0	0	0	0	0
Zotu1061	4	2	0	0	7	3	0	0	0	0
Zotu1062	29	0	0	0	0	0	0	0	0	0
Zotu1063	35	0	0	0	19	0	0	0	0	0
Zotu1064	0	0	13	27	0	0	0	0	0	0
Zotu1065	0	0	0	0	0	0	0	57	0	0
Zotu1066	0	0	0	0	0	0	0	0	0	0
Zotu1067	71	0	0	0	5	2	0	0	0	3
Zotu1068	0	81	0	0	0	0	0	0	0	0
Zotu1069	34	0	0	0	49	2	0	0	0	4
Zotu107	82	15	101	96	12	0	0	0	0	0
Zotu1070	35	0	0	0	14	0	0	0	0	0
Zotu1071	5	0	0	0	45	0	0	0	0	0
Zotu1072	0	0	0	0	0	0	0	0	0	0
Zotu1073	0	0	0	59	0	0	0	0	0	2
Zotu1074	4	0	0	0	45	6	0	0	0	13
Zotu1075	0	0	0	0	0	0	0	0	0	0
Zotu1076	0	0	0	81	0	0	0	0	0	0
Zotu1077	71	0	0	0	0	0	0	0	0	0
Zotu1078	11	0	0	23	62	7	0	0	0	2
Zotu1079	9	0	0	0	35	0	0	0	0	0
Zotu108	20	0	0	0	1	0	0	0	0	0
Zotu1080	0	0	0	0	0	0	0	43	0	0
Zotu1081	1	18	0	0	28	0	0	0	0	1
Zotu1082	13	0	0	30	4	0	0	0	0	0
Zotu1083	31	0	0	0	22	0	0	0	0	0
Zotu1084	0	0	0	66	0	0	0	0	0	0
Zotu1085	25	0	0	0	62	0	0	0	0	0
Zotu1086	18	0	0	10	34	0	0	0	0	0
Zotu1087	0	0	0	0	0	0	0	0	0	0
Zotu1088	0	0	0	0	0	0	0	0	0	0
Zotu1089	9	0	0	54	21	0	0	0	0	0
Zotu109	22	0	0	20	44	249	21	0	126	96
Zotu1090	31	0	0	0	19	0	0	0	0	0
Zotu1091	19	0	0	0	0	0	0	0	0	0
Zotu1092	0	0	0	0	0	0	0	48	0	0
Zotu1093	0	0	0	0	36	1	0	0	7	0
Zotu1094	0	0	0	0	0	38	0	0	1	34
Zotu1095	11	0	58	0	4	0	0	0	0	0
Zotu1096	11	3	9	9	0	0	1	1	0	0
Zotu1097	0	0	0	0	0	0	0	0	0	113
Zotu1098	0	0	0	0	0	54	0	0	0	6
Zotu1099	0	0	46	0	0	0	0	0	0	0
Zotu11	314	10245	1420	844	227	35	4162	1879	549	8
Zotu110	80	2	72	49	60	0	1	0	0	1
Zotu1100	0	0	56	0	0	0	0	0	0	0
Zotu1101	0	0	0	16	2	0	0	45	0	0
Zotu1102	2	0	0	0	4	47	0	0	0	5
Zotu1103	0	0	0	0	0	0	0	0	0	0
Zotu1104	0	0	0	0	0	0	0	0	0	0
Zotu1105	0	0	47	0	25	0	0	0	0	0
Zotu1106	0	0	0	0	0	0	0	0	0	0
Zotu1107	0	0	0	0	0	0	0	47	0	0
Zotu1108	0	0	0	0	6	6	0	0	0	0
Zotu1109	5	0	0	0	4	0	0	0	46	0
Zotu111	32	58	26	119	26	0	0	0	0	0
Zotu1110	33	2	0	0	9	0	0	0	0	0
Zotu1111	0	0	0	1	10	0	0	0	0	0
Zotu1112	0	0	0	51	1	0	0	0	0	0
Zotu1113	0	0	0	0	43	0	0	0	0	0
Zotu1114	0	0	0	0	0	31	0	0	0	25
Zotu1115	0	0	0	0	5	0	0	0	0	0
Zotu1116	0	0	0	1	0	0	0	0	0	0
Zotu1117	27	0	26	0	5	2	0	0	0	14
Zotu1118	0	0	0	0	0	0	0	0	0	0
Zotu1119	0	0	72	0	0	0	0	0	0	0
Zotu112	61	0	160	107	11	1	510	0	107	0
Zotu1120	0	0	0	0	1	0	60	0	0	2
Zotu1121	0	0	0	0	2	0	0	77	0	0
Zotu1122	0	0	0	41	0	0	0	0	0	0
Zotu1123	195	0	0	0	89	0	0	0	0	0
Zotu1124	0	0	23	0	0	0	0	0	0	0
Zotu1125	0	48	0	0	0	0	0	0	0	0
Zotu1126	5	0	0	0	0	1	0	0	0	0
Zotu1127	0	0	0	0	0	0	142	0	0	0
Zotu1128	0	0	0	0	0	0	0	0	0	0
Zotu1129	0	0	0	45	0	0	0	0	0	0
Zotu113	595	0	0	11	322	11	0	0	49	0
Zotu1130	0	0	0	0	8	0	0	0	0	0
Zotu1131	0	0	0	17	31	0	0	0	0	0
Zotu1132	12	0	3	2	4	0	0	0	0	1
Zotu1133	0	0	0	0	0	0	0	59	0	1
Zotu1134	0	0	0	0	0	0	0	0	0	0
Zotu1135	0	0	0	0	0	3	0	0	0	0
Zotu1136	11	0	0	0	0	0	0	0	0	0
Zotu1137	0	0	0	0	0	0	0	0	0	0
Zotu1138	0	0	0	0	0	0	0	0	0	0
Zotu1139	0	0	0	35	14	0	0	0	0	0
Zotu114	1	0	0	0	1	389	250	0	0	130
Zotu1140	0	0	26	15	0	0	0	0	0	0
Zotu1141	0	0	0	0	0	21	0	0	0	38
Zotu1142	0	0	0	62	1	0	0	0	0	1
Zotu1143	0	0	0	2	1	0	0	0	0	0
Zotu1144	0	0	0	0	0	0	0	0	40	0
Zotu1145	0	83	0	7	2	2	0	4	0	0
Zotu1146	10	0	42	0	0	0	0	0	0	0
Zotu1147	0	0	0	0	0	36	0	0	0	2
Zotu1148	8	0	1	0	9	0	0	0	0	2
Zotu1149	25	0	0	0	15	0	0	0	0	0
Zotu115	144	0	0	84	383	3	0	0	0	0
Zotu1150	140	0	0	0	29	0	0	0	0	0
Zotu1151	36	17	0	0	0	0	0	0	0	0
Zotu1152	0	0	0	0	0	0	0	0	68	0
Zotu1153	33	0	0	2	34	1	0	0	0	0
Zotu1154	0	12	0	0	27	0	0	0	0	0
Zotu1155	5	0	0	1	5	0	0	0	0	0
Zotu1156	0	5	0	36	13	0	0	0	0	0
Zotu1157	1	23	10	5	0	0	7	15	60	0
Zotu1158	0	0	0	30	6	0	0	0	0	1
Zotu1159	0	0	0	0	0	0	0	0	0	0
Zotu116	7	0	0	0	5	285	0	0	0	54
Zotu1160	7	0	8	0	44	0	0	0	0	0
Zotu1161	0	0	0	3	1	0	0	0	0	0
Zotu1162	0	0	0	20	22	0	0	0	0	0
Zotu1163	39	1	0	0	38	0	0	0	0	0
Zotu1164	0	0	0	0	0	0	0	0	0	0
Zotu1165	13	0	0	0	57	0	0	0	0	2
Zotu1166	2	0	2	0	0	0	0	0	0	0
Zotu1167	43	0	0	0	0	0	0	0	0	0
Zotu1168	0	0	0	68	0	0	0	0	0	0
Zotu1169	0	0	45	0	0	0	0	0	0	0
Zotu117	216	1	0	256	365	0	0	0	0	0
Zotu1170	0	0	0	0	0	2	0	0	0	0
Zotu1171	0	34	0	0	8	0	0	0	0	0
Zotu1172	27	0	0	0	0	4	0	0	0	3
Zotu1173	0	0	39	0	0	0	0	0	0	0
Zotu1174	0	0	0	0	53	0	0	0	0	0
Zotu1175	0	0	0	0	0	0	0	0	45	0
Zotu1176	55	0	0	0	0	0	0	0	0	0
Zotu1177	2	5	8	1	2	0	0	0	0	0
Zotu1178	23	0	0	21	45	9	0	0	0	0
Zotu1179	0	0	0	0	0	0	0	62	0	0
Zotu118	21	0	0	0	22	418	0	0	24	235
Zotu1180	4	0	0	0	34	2	0	0	0	1
Zotu1181	0	0	0	27	0	0	0	0	0	1
Zotu1182	0	0	0	0	0	3	0	0	0	0
Zotu1183	0	0	0	0	0	0	0	0	0	0
Zotu1184	0	0	0	0	0	0	0	0	0	0
Zotu1185	0	0	0	0	0	0	0	0	0	0
Zotu1186	24	0	0	0	14	0	0	0	0	0
Zotu1187	0	0	0	0	5	9	0	0	4	2
Zotu1188	0	0	0	57	0	0	0	0	0	0
Zotu1189	0	0	0	54	0	0	0	0	0	0
Zotu119	67	0	154	33	21	0	0	0	0	0
Zotu1190	25	0	0	0	17	0	0	0	0	0
Zotu1191	0	0	0	0	0	0	0	0	35	0
Zotu1192	0	0	0	0	0	0	0	0	42	0
Zotu1193	63	0	24	29	26	5	0	0	14	6
Zotu1194	0	43	0	0	0	0	0	0	0	0
Zotu1195	15	0	0	8	21	5	0	0	0	0
Zotu1196	5	0	43	0	11	0	0	0	0	0
Zotu1197	24	0	0	0	39	2	0	0	0	0
Zotu1198	36	0	0	23	0	14	0	0	0	0
Zotu1199	0	0	0	0	14	0	0	0	13	0
Zotu12	133	32	10875	824	82	2	1	0	70	0
Zotu120	5	642	0	0	0	6	0	78	0	0
Zotu1200	0	0	0	0	38	1	0	0	0	0
Zotu1201	48	0	0	0	0	0	0	0	0	1
Zotu1202	24	0	0	0	33	0	0	0	0	0
Zotu1203	34	0	0	0	11	1	0	0	0	4
Zotu1204	0	0	0	0	0	2	0	0	0	0
Zotu1205	2	0	0	0	3	3	0	0	43	0
Zotu1206	25	0	0	0	11	0	0	0	0	0
Zotu1207	0	37	0	0	0	0	0	0	0	0
Zotu1208	0	0	0	0	0	1	0	0	0	0
Zotu1209	12	0	0	0	22	0	0	0	0	2
Zotu121	0	0	0	0	0	120	0	0	2	646
Zotu1210	0	0	0	55	0	0	0	0	0	0
Zotu1211	0	0	0	29	14	0	0	0	0	4
Zotu1212	0	0	0	0	0	0	0	0	0	0
Zotu1213	0	0	0	41	0	0	0	0	0	0
Zotu1214	0	0	11	38	0	0	0	0	0	0
Zotu1215	29	0	0	0	8	0	0	0	0	0
Zotu1216	2	0	0	11	33	0	0	0	0	0
Zotu1217	31	0	0	0	18	0	0	0	0	0
Zotu1218	19	0	42	0	13	0	1	0	0	0
Zotu1219	0	0	0	0	0	0	0	0	0	0
Zotu122	0	0	0	0	0	0	0	0	0	0
Zotu1220	0	0	0	0	2	0	0	0	0	0
Zotu1221	0	0	53	0	0	0	0	0	0	0
Zotu1222	0	0	0	0	0	30	0	22	0	21
Zotu1223	67	0	11	15	73	0	0	0	60	0
Zotu1224	0	0	0	0	0	32	0	0	0	6
Zotu1225	1	5	6	0	0	0	0	0	0	0
Zotu1226	0	0	0	0	0	0	0	0	0	0
Zotu1227	0	0	0	51	0	0	0	0	0	0
Zotu1228	4	0	0	23	0	0	0	0	0	0
Zotu1229	0	51	0	0	0	0	0	0	0	0
Zotu123	207	0	0	9	456	2	0	0	0	1
Zotu1230	20	0	5	16	3	3	0	0	2	2
Zotu1231	0	0	0	0	0	21	0	0	0	31
Zotu1232	0	55	0	0	0	0	0	0	0	0
Zotu1233	0	0	0	38	0	0	0	0	0	0
Zotu1234	3	0	0	0	0	0	0	0	0	2
Zotu1235	0	0	0	0	0	0	0	0	0	0
Zotu1236	0	0	0	0	32	0	0	0	0	0
Zotu1237	0	0	0	0	0	0	0	0	0	0
Zotu1238	4	23	0	1	34	4	0	0	0	1
Zotu1239	1	0	39	0	7	0	0	0	0	0
Zotu124	1	0	0	26	0	0	0	0	0	1
Zotu1240	0	0	0	0	0	0	0	0	0	0
Zotu1241	0	0	0	0	0	1	0	0	0	0
Zotu1242	0	0	0	0	0	28	0	0	0	19
Zotu1243	0	0	0	0	0	0	0	0	0	0
Zotu1244	0	0	0	0	0	60	1	0	0	52
Zotu1245	0	0	0	34	0	0	0	0	0	0
Zotu1246	17	0	0	0	35	14	0	0	0	2
Zotu1247	1266	0	6	97	1081	6	0	0	301	1
Zotu1248	0	0	0	0	8	0	0	0	0	0
Zotu1249	0	0	0	0	0	0	0	0	0	0
Zotu125	293	0	0	448	243	0	0	0	0	0
Zotu1250	0	0	0	0	0	0	0	0	0	0
Zotu1251	0	0	0	0	0	0	0	0	39	0
Zotu1252	0	0	0	0	39	0	0	0	0	0
Zotu1253	0	0	0	0	16	0	0	0	47	0
Zotu1254	0	0	0	0	0	0	0	43	0	0
Zotu1255	0	0	0	0	0	0	0	0	0	1
Zotu1256	1	0	0	0	59	0	0	0	0	0
Zotu1257	0	0	0	0	0	0	0	0	28	0
Zotu1258	27	0	0	0	30	0	0	0	0	1
Zotu1259	0	0	0	0	7	1	0	0	0	1
Zotu126	0	0	0	27	0	0	0	0	0	0
Zotu1260	29	0	0	17	2	4	0	0	0	2
Zotu1261	0	0	0	51	0	0	0	0	0	0
Zotu1262	2	0	1	1	4	0	0	0	0	0
Zotu1263	0	0	0	27	8	0	0	0	0	0
Zotu1264	0	0	0	41	15	0	0	0	0	0
Zotu1265	0	0	0	0	40	0	0	0	0	0
Zotu1266	13	0	0	0	21	0	0	0	0	0
Zotu1267	0	0	0	0	0	0	0	0	0	0
Zotu1268	0	0	0	0	0	26	0	0	0	15
Zotu1269	0	0	0	0	10	0	0	0	0	0
Zotu127	82	98	261	172	91	0	0	0	0	0
Zotu1270	0	0	0	44	2	4	0	0	0	0
Zotu1271	0	0	0	0	35	4	0	0	0	0
Zotu1272	0	0	0	0	0	22	0	0	0	38
Zotu1273	0	0	0	0	1	36	0	0	0	5
Zotu1274	0	28	0	0	13	0	0	0	0	0
Zotu1275	0	0	0	0	0	22	0	0	0	2
Zotu1276	35	0	0	0	9	3	0	0	0	4
Zotu1277	0	0	0	0	0	0	0	0	0	0
Zotu1278	0	0	0	0	0	0	0	0	0	0
Zotu1279	0	0	0	0	6	144	0	0	4	60
Zotu128	147	0	0	9	475	0	4	0	0	0
Zotu1280	0	19	21	0	0	0	0	0	0	0
Zotu1281	0	46	0	0	0	0	0	0	0	0
Zotu1282	0	1	0	0	0	0	0	0	0	0
Zotu1283	51	0	0	0	0	0	0	0	0	0
Zotu1284	4	0	1	5	10	351	0	0	890	415
Zotu1285	39	0	0	0	1	0	0	0	0	2
Zotu1286	0	0	0	0	0	0	0	0	0	0
Zotu1287	0	0	0	0	0	0	0	0	0	0
Zotu1288	4	0	0	0	0	0	0	0	0	0
Zotu1289	46	0	0	0	1	0	0	0	0	0
Zotu129	131	13	12	190	278	0	0	0	0	0
Zotu1290	0	0	0	25	6	0	0	0	0	1
Zotu1291	0	0	0	0	0	0	68	0	0	0
Zotu1292	4	0	0	0	0	0	0	0	0	0
Zotu1293	0	24	0	0	2	0	0	0	0	0
Zotu1294	30	0	0	0	20	0	0	0	0	0
Zotu1295	0	0	0	34	7	0	0	0	0	0
Zotu1296	0	0	0	0	0	0	50	0	0	0
Zotu1297	27	0	0	0	0	0	0	0	0	0
Zotu1298	0	0	0	0	0	3	0	0	0	0
Zotu1299	0	0	0	0	0	0	0	0	0	0
Zotu13	711	3850	2669	1189	366	14	4929	2617	1465	11
Zotu130	88	0	285	81	30	0	0	0	0	0
Zotu1300	0	0	0	0	0	0	0	0	0	0
Zotu1301	3	0	0	0	38	1	0	0	0	2
Zotu1302	13	0	0	3	24	4	0	0	0	0
Zotu1303	0	0	0	46	0	0	0	0	0	0
Zotu1304	2	0	0	0	62	0	0	0	0	0
Zotu1305	3	0	0	1	0	0	0	0	0	0
Zotu1306	0	0	0	8	0	0	0	0	0	0
Zotu1307	0	40	0	0	0	0	0	0	0	0
Zotu1308	0	29	0	0	5	0	0	0	0	0
Zotu1309	0	71	0	0	10	0	0	0	0	5
Zotu131	60	0	0	68	156	110	0	0	0	43
Zotu1310	0	0	0	0	0	0	0	0	0	0
Zotu1311	0	0	0	0	0	0	0	0	0	61
Zotu1312	0	0	0	19	4	0	0	0	0	0
Zotu1313	14	31	1	1	5	0	0	0	0	0
Zotu1314	0	0	0	0	0	0	0	0	0	0
Zotu1315	0	0	18	0	0	0	0	0	0	0
Zotu1316	0	0	0	0	23	21	0	0	0	2
Zotu1317	1	0	0	0	32	0	0	0	0	0
Zotu1318	0	0	0	33	0	0	0	0	0	0
Zotu1319	25	0	0	0	25	0	0	0	0	0
Zotu132	0	0	0	0	0	10	0	0	0	42
Zotu1320	0	0	0	34	0	0	0	0	0	0
Zotu1321	23	0	0	0	18	0	0	0	0	0
Zotu1322	0	0	0	0	0	0	0	0	0	0
Zotu1323	0	0	0	0	0	0	0	0	0	0
Zotu1324	8	8	0	0	6	0	0	0	0	0
Zotu1325	0	0	0	34	0	0	0	0	0	0
Zotu1326	0	0	0	0	0	0	0	0	0	0
Zotu1327	0	0	0	0	0	0	0	0	0	0
Zotu1328	0	0	42	0	0	0	0	0	0	0
Zotu1329	0	0	0	37	0	0	0	0	0	0
Zotu133	6	590	0	4	0	1	0	0	0	0
Zotu1330	32	0	0	0	13	0	0	0	0	0
Zotu1331	0	0	0	54	0	0	0	0	0	0
Zotu1332	0	0	0	33	0	0	0	0	0	0
Zotu1333	11	0	0	37	8	0	0	0	0	0
Zotu1334	0	0	0	0	0	22	0	0	0	3
Zotu1335	5	0	0	0	0	0	0	0	0	0
Zotu1336	27	0	0	0	16	0	0	0	0	0
Zotu1337	18	0	0	0	0	0	0	0	0	0
Zotu1338	0	0	0	0	22	0	0	0	0	0
Zotu1339	0	0	0	40	0	0	0	0	0	0
Zotu134	0	0	0	0	0	0	141	400	21	0
Zotu1340	0	0	0	0	0	3	0	0	0	9
Zotu1341	25	0	0	0	17	2	0	0	0	1
Zotu1342	0	0	0	5	41	0	0	0	0	0
Zotu1343	0	0	34	0	0	0	0	0	0	0
Zotu1344	48	0	0	0	0	0	0	0	0	0
Zotu1345	31	0	0	0	6	0	0	0	0	0
Zotu1346	13	0	0	0	16	0	0	0	0	0
Zotu1347	0	0	0	0	0	0	0	0	0	0
Zotu1348	24	0	0	0	38	0	0	0	0	0
Zotu1349	1184	0	3	61	724	62	0	3	56	17
Zotu135	0	0	0	0	0	535	0	0	20	117
Zotu1350	0	0	0	0	0	0	0	0	0	0
Zotu1351	0	0	0	0	0	0	0	0	0	0
Zotu1352	0	0	0	0	2	0	0	0	0	0
Zotu1353	0	0	0	0	31	0	0	0	0	0
Zotu1354	0	0	0	47	0	0	0	0	0	2
Zotu1355	7	0	0	3	26	1	26	9	2	0
Zotu1356	0	0	6	0	2	42	0	1	0	0
Zotu1357	0	0	0	0	0	0	0	0	0	0
Zotu1358	0	0	0	0	0	0	0	0	0	0
Zotu1359	0	0	0	0	20	0	0	0	0	0
Zotu136	32	0	101	0	1	0	0	0	0	0
Zotu1360	0	0	0	0	2	0	0	0	0	0
Zotu1361	15	0	0	0	15	0	0	0	0	0
Zotu1362	3	0	0	0	0	35	0	0	2	8
Zotu1363	0	0	0	0	0	0	0	0	0	0
Zotu1364	0	5	0	0	0	0	0	58	0	0
Zotu1365	0	0	0	0	35	0	0	0	0	0
Zotu1366	1	0	27	0	5	0	0	0	0	0
Zotu1367	0	8	0	22	0	0	0	0	0	0
Zotu1368	0	0	0	0	0	0	0	0	0	0
Zotu1369	1018	0	5	64	588	73	0	0	57	23
Zotu137	150	28	60	86	202	2	175	72	0	1
Zotu1370	0	0	0	0	0	0	0	0	0	0
Zotu1371	2	0	0	0	39	0	0	0	0	0
Zotu1372	0	0	0	36	0	0	0	0	0	0
Zotu1373	6	26	14	12	17	0	0	0	0	0
Zotu1374	3	0	0	0	33	12	0	0	0	0
Zotu1375	2	0	38	0	9	0	0	0	0	0
Zotu1376	0	0	0	0	1	0	0	0	0	0
Zotu1377	0	0	0	0	0	0	0	0	0	0
Zotu1378	0	0	25	0	0	0	0	0	0	0
Zotu1379	0	0	51	0	0	0	0	0	0	0
Zotu138	0	0	0	10	0	333	0	0	126	268
Zotu1380	0	0	0	0	24	3	0	0	0	0
Zotu1381	0	0	0	0	39	0	0	0	0	2
Zotu1382	0	0	0	0	3	6	0	0	0	1
Zotu1383	45	0	0	0	0	0	0	0	0	0
Zotu1384	0	0	0	0	23	0	0	19	0	0
Zotu1385	0	0	0	0	0	30	0	0	0	25
Zotu1386	0	0	0	0	0	0	0	0	0	0
Zotu1387	0	0	0	0	39	0	0	0	0	0
Zotu1388	0	0	0	0	5	0	0	0	24	0
Zotu1389	0	0	0	23	20	0	0	0	0	0
Zotu139	447	0	0	29	200	11	0	99	8	2
Zotu1390	14	0	58	0	0	0	0	0	0	0
Zotu1391	0	0	0	0	17	0	0	0	0	0
Zotu1392	0	33	0	0	0	0	0	0	0	0
Zotu1393	0	0	0	0	50	1	0	0	0	0
Zotu1394	12	25	0	0	2	0	0	0	0	0
Zotu1395	0	0	0	0	0	0	0	0	0	0
Zotu1396	31	0	0	0	13	3	0	0	0	0
Zotu1397	0	0	0	0	9	0	0	0	16	0
Zotu1398	0	0	0	0	44	0	0	0	0	0
Zotu1399	2	0	4	3	0	41	0	0	0	11
Zotu14	357	7852	1587	606	139	17	2447	1332	718	7
Zotu140	46	0	2	5	35	11	0	0	3	14
Zotu1400	0	3	0	0	0	0	0	0	0	0
Zotu1401	10	0	0	0	40	0	0	0	0	0
Zotu1402	0	0	0	0	49	0	0	0	0	0
Zotu1403	3	14	0	0	7	0	0	0	0	0
Zotu1404	3	0	0	3	0	0	0	0	0	0
Zotu1405	29	0	0	0	0	0	0	0	0	0
Zotu1406	0	0	0	0	24	0	0	0	0	0
Zotu1407	3	0	0	0	0	7	0	0	0	39
Zotu1408	0	0	0	0	0	39	0	0	0	14
Zotu1409	24	0	5	23	0	0	0	0	0	0
Zotu141	0	0	0	0	0	0	0	0	0	0
Zotu1410	2	0	0	0	37	0	0	0	0	3
Zotu1411	8	214	31	42	3	0	42	48	12	0
Zotu1412	0	0	0	0	33	5	0	0	0	2
Zotu1413	765	1	20	81	562	71	0	0	105	28
Zotu1414	0	0	0	0	0	0	0	0	0	0
Zotu1415	0	0	0	0	0	0	0	0	0	0
Zotu1416	0	0	0	0	32	0	0	0	0	0
Zotu1417	0	34	0	0	0	0	0	0	0	0
Zotu1418	0	0	0	0	0	0	0	0	0	0
Zotu1419	0	0	0	0	0	0	0	0	0	0
Zotu142	47	171	3	66	0	0	253	0	121	1
Zotu1420	13	0	0	0	0	47	0	0	0	0
Zotu1421	0	0	0	28	7	0	0	0	0	0
Zotu1422	22	0	0	0	6	20	0	0	0	8
Zotu1423	14	0	0	0	22	0	0	0	0	0
Zotu1424	0	0	0	0	0	15	0	0	0	19
Zotu1425	0	0	0	0	0	37	0	0	0	3
Zotu1426	0	0	61	0	9	0	0	0	0	0
Zotu1427	0	0	0	0	0	0	43	0	0	0
Zotu1428	2	0	0	2	0	0	0	0	0	0
Zotu1429	34	0	0	0	1	0	0	0	0	0
Zotu143	78	0	0	43	0	18	0	392	148	0
Zotu1430	0	30	0	0	0	0	0	0	0	0
Zotu1431	0	0	0	0	0	0	0	0	0	0
Zotu1432	0	0	0	0	27	0	0	0	0	0
Zotu1433	0	0	0	0	9	0	0	0	0	2
Zotu1434	13	0	0	0	8	0	0	0	0	0
Zotu1435	4	2	4	9	3	0	1	0	0	0
Zotu1436	0	0	0	0	0	0	0	0	0	0
Zotu1437	0	0	0	0	8	0	0	0	0	2
Zotu1438	0	0	0	0	0	1	0	0	0	0
Zotu1439	0	0	0	0	0	0	0	0	0	0
Zotu144	120	0	185	148	0	2	593	0	1	3
Zotu1440	0	0	0	0	0	0	0	0	0	1
Zotu1441	0	0	25	0	0	0	0	0	0	0
Zotu1442	3	0	0	0	0	0	0	0	0	0
Zotu1443	13	0	0	0	11	10	0	0	0	4
Zotu1444	6	0	47	0	0	0	0	0	0	0
Zotu1445	0	44	0	0	6	0	0	0	0	1
Zotu1446	0	0	0	0	25	0	0	0	0	0
Zotu1447	14	0	0	0	18	1	0	0	0	1
Zotu1448	0	0	0	0	2	0	0	0	0	1
Zotu1449	0	0	0	17	8	0	0	0	0	0
Zotu145	24	0	0	10	35	1	0	527	0	4
Zotu1450	0	0	0	0	0	17	0	0	0	35
Zotu1451	0	4	0	0	4	0	0	0	0	0
Zotu1452	0	0	0	0	0	0	0	0	0	0
Zotu1453	0	0	0	0	24	0	0	0	0	0
Zotu1454	5	7	0	0	76	0	0	0	0	0
Zotu1455	0	0	0	36	6	0	0	0	0	0
Zotu1456	0	0	0	44	5	0	0	0	0	0
Zotu1457	32	0	0	0	0	0	0	0	0	0
Zotu1458	0	0	0	0	0	0	0	0	0	0
Zotu1459	0	0	0	19	4	16	0	0	0	7
Zotu146	1109	10	57	134	835	132	10	2	207	60
Zotu1460	0	0	0	0	0	0	0	0	0	0
Zotu1461	2	0	2	0	5	14	0	18	0	0
Zotu1462	0	0	0	0	0	0	0	0	0	0
Zotu1463	0	0	0	0	20	0	0	0	0	0
Zotu1464	0	0	40	0	0	0	0	0	0	0
Zotu1465	5	0	0	0	27	10	0	0	0	0
Zotu1466	0	0	0	0	0	49	0	0	0	1
Zotu1467	30	0	0	0	9	0	0	0	0	0
Zotu1468	0	0	0	0	0	4	0	0	0	28
Zotu1469	0	33	0	0	0	0	32	0	0	0
Zotu147	36	0	0	0	28	6	0	0	0	13
Zotu1470	1	0	0	36	0	0	0	0	0	0
Zotu1471	0	0	0	0	0	0	0	0	0	0
Zotu1472	0	0	0	0	0	0	62	0	0	0
Zotu1473	0	0	0	0	0	0	0	0	0	0
Zotu1474	0	0	0	28	0	0	0	0	0	0
Zotu1475	0	0	2	1	0	0	0	0	0	0
Zotu1476	3	14	0	0	7	0	0	0	0	0
Zotu1477	0	0	25	0	0	0	0	0	0	0
Zotu1478	0	0	0	0	3	48	0	0	0	2
Zotu1479	0	27	0	0	0	0	0	0	0	0
Zotu148	21	0	72	0	0	0	0	0	0	0
Zotu1480	0	0	0	0	0	53	0	0	0	12
Zotu1481	10	20	0	0	16	0	0	0	0	0
Zotu1482	3	0	0	33	0	0	0	0	0	0
Zotu1483	9	0	0	24	15	0	0	0	0	0
Zotu1484	0	0	0	0	0	0	0	0	0	0
Zotu1485	14	2	17	6	4	0	0	0	0	0
Zotu1486	0	0	0	31	0	0	0	0	0	0
Zotu1487	0	1	3	2	1	71	0	1	0	161
Zotu1488	4	0	0	0	13	0	0	0	0	0
Zotu1489	0	2	45	2	0	0	0	25	0	0
Zotu149	13	716	43	26	5	0	33	20	13	0
Zotu1490	1	0	0	0	1	0	42	0	0	0
Zotu1491	0	0	35	0	0	0	0	0	0	0
Zotu1492	31	0	0	0	0	0	0	0	0	0
Zotu1493	0	0	25	0	2	0	0	0	0	0
Zotu1494	11	0	0	0	11	0	0	0	0	0
Zotu1495	11	0	0	0	0	0	0	0	0	2
Zotu1496	0	0	0	0	0	12	0	0	0	17
Zotu1497	1	0	0	0	16	2	0	0	1	1
Zotu1498	0	0	27	0	0	0	0	0	0	0
Zotu1499	22	1	0	0	4	1	0	0	0	0
Zotu15	73	7254	476	365	82	38	1664	558	338	2
Zotu150	0	0	37	37	0	0	0	0	0	0
Zotu1500	0	0	0	0	0	0	0	0	0	0
Zotu1501	13	0	0	0	0	0	0	0	27	1
Zotu1502	0	0	0	0	0	0	0	0	0	0
Zotu1503	32	0	0	0	12	0	0	0	0	0
Zotu1504	0	0	35	0	0	0	0	0	0	0
Zotu1505	0	0	0	0	45	1	0	0	0	0
Zotu1506	0	0	0	0	27	0	0	0	0	1
Zotu1507	13	0	0	0	0	3	0	0	0	0
Zotu1508	12	0	0	0	0	0	0	0	0	0
Zotu1509	0	0	0	0	22	3	0	0	0	0
Zotu151	2	0	0	0	10	348	0	0	0	210
Zotu1510	16	0	0	0	0	0	0	0	0	0
Zotu1511	11	0	0	0	0	0	0	0	0	0
Zotu1512	0	0	0	0	27	0	0	0	0	1
Zotu1513	0	0	0	0	2	0	0	0	0	26
Zotu1514	0	0	0	0	0	0	0	0	0	0
Zotu1515	0	0	0	0	8	3	0	0	0	2
Zotu1516	0	0	0	0	0	0	0	24	0	0
Zotu1517	0	0	0	0	0	0	0	0	0	0
Zotu1518	26	0	0	0	0	0	0	0	0	0
Zotu1519	0	1	23	0	1	0	0	0	0	0
Zotu152	0	0	111	214	0	0	0	0	0	0
Zotu1520	0	0	0	0	0	0	0	0	0	1
Zotu1521	9	0	0	14	18	0	0	0	0	0
Zotu1522	9	0	0	30	12	4	0	0	0	0
Zotu1523	0	0	0	0	0	0	0	0	31	10
Zotu1524	0	0	0	0	0	0	0	0	0	0
Zotu1525	0	0	0	0	0	0	0	0	0	0
Zotu1526	29	0	0	0	0	0	0	0	0	1
Zotu1527	0	31	0	0	0	0	0	0	0	0
Zotu1528	0	0	0	16	6	0	0	0	0	1
Zotu1529	5	0	2	13	9	1	0	0	0	1
Zotu153	0	0	0	23	0	0	352	206	0	0
Zotu1530	0	0	0	0	0	0	0	0	0	0
Zotu1531	0	0	0	0	0	0	0	0	0	0
Zotu1532	0	0	0	0	0	0	0	0	0	0
Zotu1533	0	0	0	23	0	0	0	0	0	0
Zotu1534	0	0	0	0	42	0	0	0	0	0
Zotu1535	0	0	41	0	0	0	0	0	0	0
Zotu1536	0	0	0	0	0	6	0	0	27	2
Zotu1537	0	0	2	0	0	38	0	0	0	114
Zotu1538	0	0	0	30	0	0	0	0	0	0
Zotu1539	0	0	0	0	9	0	0	0	0	0
Zotu154	0	0	0	0	0	0	261	298	23	0
Zotu1540	0	0	0	0	32	1	0	0	0	0
Zotu1541	23	0	0	0	0	0	0	0	0	0
Zotu1542	0	0	0	28	0	0	0	0	0	0
Zotu1543	0	0	0	0	0	0	0	0	0	0
Zotu1544	6	0	0	0	15	0	0	0	0	0
Zotu1545	0	0	0	0	0	0	0	0	0	0
Zotu1546	12	0	5	0	6	2	0	0	0	0
Zotu1547	0	0	0	0	0	0	0	0	0	1
Zotu1548	0	0	32	0	0	0	0	0	0	0
Zotu1549	0	39	0	0	0	5	0	0	0	0
Zotu155	191	0	0	42	376	0	10	0	0	0
Zotu1550	0	0	0	0	0	0	0	0	0	0
Zotu1551	0	42	0	0	0	0	0	0	0	0
Zotu1552	0	0	0	0	38	0	0	0	0	0
Zotu1553	10	0	0	0	0	0	0	0	0	0
Zotu1554	0	43	0	0	0	0	0	0	0	0
Zotu1555	0	0	0	0	0	2	0	0	0	0
Zotu1556	0	0	0	0	28	0	0	0	0	0
Zotu1557	0	6	2	2	0	0	1	0	0	0
Zotu1558	3	0	0	0	0	0	0	0	0	0
Zotu1559	29	0	0	0	5	4	0	0	0	1
Zotu156	22	30	122	121	39	3	0	0	120	1
Zotu1560	0	0	0	0	22	0	0	0	0	0
Zotu1561	0	0	0	0	21	0	0	0	0	0
Zotu1562	30	0	0	0	0	0	0	0	0	0
Zotu1563	0	25	0	0	3	0	0	0	0	2
Zotu1564	0	0	28	0	0	0	0	0	0	0
Zotu1565	0	0	0	0	35	0	0	0	0	0
Zotu1566	0	0	0	0	27	0	0	0	0	0
Zotu1567	20	0	0	0	0	0	0	0	0	0
Zotu1568	51	0	26	35	33	35	1	5	85	18
Zotu1569	0	0	0	31	0	0	0	0	0	0
Zotu157	134	0	0	3	372	0	0	15	0	0
Zotu1570	19	0	0	0	12	0	0	0	0	1
Zotu1571	27	0	0	0	0	5	0	0	0	3
Zotu1572	1	0	0	0	0	0	0	0	22	0
Zotu1573	1	0	0	0	0	13	0	0	2	5
Zotu1574	2	0	0	0	56	1	0	0	0	0
Zotu1575	0	2	0	26	0	0	0	0	0	0
Zotu1576	49	0	0	0	9	0	0	0	0	0
Zotu1577	3	0	32	0	0	0	0	0	0	0
Zotu1578	0	0	0	22	0	0	0	0	0	0
Zotu1579	7	0	0	0	0	0	0	0	27	0
Zotu158	22	0	195	0	0	1	349	0	0	0
Zotu1580	7	0	0	0	11	1	0	0	0	1
Zotu1581	0	12	0	0	0	0	0	0	0	0
Zotu1582	0	0	0	19	0	0	0	0	0	0
Zotu1583	0	0	0	0	0	0	108	3	0	0
Zotu1584	0	0	0	0	0	0	0	0	0	0
Zotu1585	0	0	0	0	0	42	0	0	0	6
Zotu1586	1	0	16	0	0	0	0	0	0	0
Zotu1587	38	0	0	0	1	0	0	0	0	0
Zotu1588	30	0	0	0	0	0	0	0	0	0
Zotu1589	3	0	0	0	0	24	0	0	0	7
Zotu159	2	40	0	105	11	0	284	5	107	0
Zotu1590	0	45	0	0	0	0	0	0	0	0
Zotu1591	0	0	0	0	0	27	0	0	0	1
Zotu1592	0	0	0	0	0	0	0	32	0	0
Zotu1593	0	0	0	0	0	0	0	0	0	0
Zotu1594	0	0	0	0	0	0	0	0	27	0
Zotu1595	1	0	0	1	0	0	0	0	0	0
Zotu1596	10	0	0	0	10	0	0	0	0	0
Zotu1597	3	0	9	0	0	3	0	0	0	11
Zotu1598	0	0	0	0	0	0	0	0	0	0
Zotu1599	13	0	0	0	12	0	0	0	0	0
Zotu16	4	0	0	26	8	4757	1	0	560	5226
Zotu160	0	36	0	0	44	458	0	0	29	12
Zotu1600	0	0	0	0	0	0	0	0	0	0
Zotu1601	0	0	0	0	3	0	0	0	0	0
Zotu1602	0	0	0	27	0	0	0	0	0	0
Zotu1603	0	0	0	28	0	0	0	0	0	0
Zotu1604	0	0	25	9	3	0	0	0	0	0
Zotu1605	0	0	0	0	0	22	0	0	0	17
Zotu1606	5	0	0	5	17	0	0	0	0	0
Zotu1607	0	0	2	9	5	0	1	43	16	0
Zotu1608	0	0	0	24	0	0	0	0	0	0
Zotu1609	58	0	0	2	57	0	0	0	0	0
Zotu161	23	0	0	29	0	0	0	0	0	0
Zotu1610	0	0	0	0	0	0	0	0	0	0
Zotu1611	0	0	0	0	13	0	0	0	0	1
Zotu1612	63	0	0	0	0	0	0	0	0	0
Zotu1613	10	0	0	0	8	0	0	0	0	1
Zotu1614	18	0	0	0	10	0	0	0	0	1
Zotu1615	15	0	0	0	0	0	0	0	0	0
Zotu1616	0	42	1	0	0	1	1	0	1	0
Zotu1617	0	0	0	0	0	0	0	0	0	0
Zotu1618	0	0	0	0	0	0	0	0	0	0
Zotu1619	26	0	0	0	19	0	0	0	0	0
Zotu162	66	59	0	17	55	0	0	0	0	2
Zotu1620	0	0	0	0	0	0	0	0	0	0
Zotu1621	0	0	0	0	0	21	0	0	0	9
Zotu1622	0	0	0	40	0	0	0	0	0	0
Zotu1623	0	0	0	28	0	0	0	0	0	0
Zotu1624	0	0	0	0	0	0	0	0	0	0
Zotu1625	0	0	0	0	0	30	0	0	6	117
Zotu1626	30	0	0	0	0	1	0	0	0	3
Zotu1627	1	0	0	0	0	0	0	0	0	0
Zotu1628	0	0	0	0	0	0	0	0	0	0
Zotu1629	0	0	0	2	0	65	0	0	1	44
Zotu163	49	125	264	0	50	0	0	0	231	0
Zotu1630	0	33	0	0	0	0	0	1	0	0
Zotu1631	0	0	0	0	0	0	0	0	0	0
Zotu1632	9	0	0	0	6	0	0	0	0	0
Zotu1633	6	0	0	21	14	0	0	0	0	0
Zotu1634	0	0	0	0	29	0	0	0	0	0
Zotu1635	7	0	0	0	13	0	0	0	0	1
Zotu1636	0	0	0	0	0	29	0	0	0	9
Zotu1637	0	0	0	0	0	0	0	0	0	0
Zotu1638	18	0	0	0	18	0	0	0	0	0
Zotu1639	0	0	0	0	0	25	0	0	0	4
Zotu164	0	0	299	31	9	0	0	0	0	0
Zotu1640	5	0	0	0	32	0	0	0	0	0
Zotu1641	0	0	0	0	0	0	0	0	0	0
Zotu1642	33	0	5	0	10	126	0	0	7	68
Zotu1643	20	0	0	0	8	2	0	0	0	2
Zotu1644	2	4	25	0	3	0	0	0	0	0
Zotu1645	10	2	2	0	7	27	0	0	0	21
Zotu1646	0	0	0	0	12	0	0	0	9	0
Zotu1647	2	34	0	2	10	0	0	0	0	0
Zotu1648	0	19	0	0	3	4	0	0	0	17
Zotu1649	0	0	0	0	29	0	0	0	0	0
Zotu165	5	345	187	80	117	2	156	0	93	0
Zotu1650	0	0	0	0	0	0	0	0	0	0
Zotu1651	0	0	0	0	0	0	25	0	0	0
Zotu1652	0	0	0	0	12	0	0	0	0	4
Zotu1653	4	0	0	0	0	0	0	0	0	0
Zotu1654	0	0	0	27	0	0	0	0	0	0
Zotu1655	2	0	0	0	0	0	0	0	0	0
Zotu1656	0	0	0	0	0	0	0	0	0	0
Zotu1657	18	0	0	1	17	0	0	0	0	0
Zotu1658	0	11	0	0	16	0	0	0	0	0
Zotu1659	1	0	0	0	0	0	0	0	0	0
Zotu166	10	93	55	55	0	0	0	0	0	0
Zotu1660	0	0	0	0	0	0	0	0	0	0
Zotu1661	0	0	27	0	0	0	0	0	0	0
Zotu1662	0	0	19	1	0	0	0	0	0	0
Zotu1663	0	0	0	11	13	31	0	0	0	5
Zotu1664	3	0	0	3	4	81	0	0	3	10
Zotu1665	11	1	0	13	5	2	0	20	5	2
Zotu1666	0	25	0	0	0	0	0	0	0	0
Zotu1667	145	0	0	1	77	0	0	2	0	0
Zotu1668	9	0	0	1	12	1	0	0	22	1
Zotu1669	0	0	0	0	0	0	0	0	0	0
Zotu167	92	48	0	243	105	0	0	0	0	1
Zotu1670	0	0	23	0	0	0	0	0	0	0
Zotu1671	1	0	3	14	8	0	0	0	0	0
Zotu1672	0	0	3	35	2	0	0	0	0	0
Zotu1673	0	0	0	28	0	0	0	0	0	1
Zotu1674	0	0	0	0	11	0	0	0	0	1
Zotu1675	0	0	0	0	2	6	0	0	0	0
Zotu1676	25	0	0	0	0	0	0	0	0	0
Zotu1677	0	0	0	0	0	0	0	0	0	0
Zotu1678	0	1	13	3	8	0	0	0	0	0
Zotu1679	0	0	0	0	0	27	0	0	0	2
Zotu168	3	86	65	0	6	0	0	0	0	0
Zotu1680	0	0	0	26	0	0	0	0	0	0
Zotu1681	0	0	0	0	0	0	0	0	0	0
Zotu1682	0	0	0	0	11	0	0	0	0	0
Zotu1683	0	0	24	0	0	0	0	0	0	0
Zotu1684	70	0	1	7	32	0	0	0	0	0
Zotu1685	0	0	0	6	26	0	0	0	0	0
Zotu1686	0	0	0	0	0	0	0	0	0	0
Zotu1687	0	0	0	0	0	0	0	0	0	0
Zotu1688	29	0	0	0	6	1	0	0	0	0
Zotu1689	0	0	0	0	26	0	0	0	0	0
Zotu169	107	0	100	79	177	0	0	0	0	0
Zotu1690	1	0	0	6	0	0	0	12	0	0
Zotu1691	0	0	0	0	0	0	0	0	0	0
Zotu1692	0	0	0	0	0	9	0	0	0	5
Zotu1693	0	0	0	0	0	0	0	0	0	0
Zotu1694	0	0	0	0	0	0	0	0	0	0
Zotu1695	0	0	0	0	0	0	0	0	0	0
Zotu1696	0	0	0	0	33	0	0	0	0	0
Zotu1697	1	0	0	0	6	8	0	1	0	1
Zotu1698	0	0	0	0	21	0	0	0	0	0
Zotu1699	0	0	0	0	30	2	0	0	0	0
Zotu17	98	4352	770	234	57	7	2855	379	312	1
Zotu170	10	0	7	1	3	0	0	0	0	0
Zotu1700	0	0	0	0	31	0	0	0	0	0
Zotu1701	0	0	0	0	0	0	0	0	0	0
Zotu1702	8	0	0	14	5	2	0	0	0	2
Zotu1703	0	0	0	0	0	0	0	0	0	0
Zotu1704	12	0	0	0	36	0	0	0	0	0
Zotu1705	11	0	0	0	7	0	0	0	0	0
Zotu1706	16	0	0	0	7	0	0	0	0	0
Zotu1707	11	0	0	0	0	0	0	0	0	1
Zotu1708	0	0	20	0	0	5	0	0	0	0
Zotu1709	77	0	0	0	76	1	0	0	0	0
Zotu171	54	44	365	104	29	0	0	2	1	0
Zotu1710	38	0	0	0	2	0	0	0	0	0
Zotu1711	6	0	0	0	1	0	0	0	0	0
Zotu1712	28	0	0	0	0	0	0	0	0	0
Zotu1713	0	0	0	0	0	0	0	0	0	0
Zotu1714	0	0	0	0	0	0	0	0	0	0
Zotu1715	0	0	0	0	0	0	0	0	0	1
Zotu1716	0	0	0	0	0	0	0	0	0	0
Zotu1717	0	0	0	19	0	0	0	0	0	0
Zotu1718	0	0	0	0	0	0	0	0	0	0
Zotu1719	2	0	0	0	27	0	0	0	0	0
Zotu172	71	0	0	0	0	0	320	175	76	0
Zotu1720	22	0	0	0	3	0	0	0	0	0
Zotu1721	22	0	0	1	0	0	0	0	0	0
Zotu1722	0	0	0	0	0	0	0	0	0	0
Zotu1723	0	0	0	0	0	0	0	0	0	0
Zotu1724	0	0	0	4	11	4	0	0	0	3
Zotu1725	4	0	5	0	1	0	0	0	0	0
Zotu1726	0	0	0	0	25	0	0	0	0	1
Zotu1727	3	0	0	0	17	0	0	0	0	0
Zotu1728	29	0	0	0	0	0	0	0	0	0
Zotu1729	0	0	0	0	0	26	0	0	0	1
Zotu173	0	0	0	0	0	437	0	0	0	93
Zotu1730	0	0	10	0	0	0	14	55	0	0
Zotu1731	0	0	0	0	0	0	0	0	0	0
Zotu1732	0	0	0	0	0	15	0	0	0	24
Zotu1733	0	0	0	29	8	0	0	0	0	0
Zotu1734	0	0	0	0	0	0	0	0	0	0
Zotu1735	0	0	0	0	0	0	0	0	0	1
Zotu1736	0	0	0	0	0	7	0	0	0	27
Zotu1737	0	0	0	0	0	0	0	0	0	0
Zotu1738	18	0	0	4	10	0	0	0	0	0
Zotu1739	5	2	1	3	0	0	0	0	0	0
Zotu174	227	1	29	128	105	0	3	0	0	0
Zotu1740	0	0	0	0	0	26	0	0	0	39
Zotu1741	0	0	0	0	0	0	0	0	0	0
Zotu1742	0	0	0	24	0	0	0	0	0	0
Zotu1743	0	0	0	0	0	0	0	37	0	0
Zotu1744	25	0	0	0	0	0	0	0	0	0
Zotu1745	15	20	0	0	0	0	13	0	0	0
Zotu1746	6	5	0	0	0	0	0	0	0	0
Zotu1747	13	0	3	2	35	20	0	0	3	26
Zotu1748	0	0	0	0	4	10	0	0	0	15
Zotu1749	0	0	0	0	28	0	0	0	0	0
Zotu175	52	14	116	166	151	0	0	0	88	0
Zotu1750	0	0	33	0	0	0	0	0	0	0
Zotu1751	11	0	0	0	17	0	0	0	0	2
Zotu1752	7	0	0	0	5	0	0	0	0	2
Zotu1753	0	0	0	0	19	0	0	0	0	0
Zotu1754	0	0	26	0	0	0	0	0	0	0
Zotu1755	16	0	0	0	11	0	0	0	0	0
Zotu1756	0	0	0	20	5	0	0	0	0	0
Zotu1757	16	0	0	0	12	0	0	0	0	0
Zotu1758	0	0	0	0	29	0	0	0	0	0
Zotu1759	3	0	0	0	22	5	0	0	0	2
Zotu176	8	195	51	64	5	0	304	15	56	1
Zotu1760	11	0	0	1	0	0	0	0	0	0
Zotu1761	0	0	0	0	0	0	0	0	21	0
Zotu1762	32	0	0	0	0	0	0	0	0	0
Zotu1763	0	15	0	0	9	0	0	0	0	0
Zotu1764	0	0	0	10	32	0	0	0	0	3
Zotu1765	25	0	0	0	19	0	0	0	0	0
Zotu1766	0	0	0	0	10	16	0	0	0	2
Zotu1767	0	0	0	3	5	17	0	2	0	6
Zotu1768	0	0	0	0	0	0	0	0	0	0
Zotu1769	0	0	0	0	0	0	0	0	0	0
Zotu177	0	0	0	1	0	31	0	0	0	179
Zotu1770	5	0	4	4	1	0	0	1	0	0
Zotu1771	199	0	16	40	113	66	3	10	46	27
Zotu1772	0	0	0	0	0	0	0	0	0	0
Zotu1773	2	0	0	0	39	0	0	0	0	0
Zotu1774	0	0	0	0	1	0	0	0	0	0
Zotu1775	1	0	0	3	0	0	0	0	0	0
Zotu1776	0	0	0	0	5	13	0	0	0	3
Zotu1777	0	0	0	0	20	0	0	0	0	0
Zotu1778	0	0	0	0	0	31	0	0	0	23
Zotu1779	0	0	0	0	0	1	0	0	0	3
Zotu178	0	0	0	0	17	0	0	0	0	1
Zotu1780	0	34	0	0	0	0	0	0	0	0
Zotu1781	29	7	0	0	60	0	0	0	0	0
Zotu1782	0	0	0	41	0	0	0	0	0	0
Zotu1783	0	0	0	0	0	2	0	0	0	0
Zotu1784	0	0	0	0	44	0	0	0	0	0
Zotu1785	15	0	0	0	0	0	0	0	0	0
Zotu1786	0	0	0	0	0	0	0	0	0	0
Zotu1787	0	0	0	0	0	0	0	0	0	0
Zotu1788	3	0	0	1	4	0	0	0	0	0
Zotu1789	1	0	0	0	0	25	0	0	0	7
Zotu179	0	0	0	0	0	16	0	0	8	549
Zotu1790	6	0	0	0	24	0	0	0	0	1
Zotu1791	0	0	0	0	0	0	0	0	40	0
Zotu1792	0	0	0	0	0	24	0	0	0	7
Zotu1793	0	0	0	0	32	0	0	0	0	0
Zotu1794	0	0	0	0	0	1	0	0	0	0
Zotu1795	13	0	0	0	8	0	0	0	0	0
Zotu1796	1	0	1	1	0	0	0	0	0	0
Zotu1797	0	0	1	0	0	0	0	0	0	0
Zotu1798	30	0	0	0	10	0	0	0	0	0
Zotu1799	0	0	31	0	0	0	0	0	0	0
Zotu18	6058	0	0	438	2949	107	0	0	79	26
Zotu180	0	0	0	0	1	0	0	0	0	0
Zotu1800	7	0	0	0	20	9	0	0	0	5
Zotu1801	27	0	0	0	11	0	0	0	0	0
Zotu1802	0	0	0	0	0	0	0	0	0	0
Zotu1803	0	0	2	1	9	18	0	0	0	20
Zotu1804	0	0	0	0	0	0	0	0	0	0
Zotu1805	0	27	0	0	0	0	0	0	0	0
Zotu1806	0	0	0	7	18	1	0	0	0	0
Zotu1807	0	0	0	0	0	0	0	0	0	3
Zotu1808	17	0	0	0	6	0	0	0	0	0
Zotu1809	0	0	0	0	0	1	0	0	0	0
Zotu181	629	0	0	29	372	5	0	0	2	6
Zotu1810	4	0	0	16	0	0	0	0	0	1
Zotu1811	0	0	0	0	9	0	0	0	0	0
Zotu1812	0	0	0	0	0	0	0	0	15	0
Zotu1813	0	0	0	0	0	28	0	0	0	1
Zotu1814	3	0	2	1	1	86	0	1	12	30
Zotu1815	21	0	0	0	4	0	0	0	0	0
Zotu1816	23	0	0	0	0	0	0	0	0	0
Zotu1817	4	0	0	0	21	0	0	0	0	0
Zotu1818	0	0	0	0	0	0	0	0	0	0
Zotu1819	7	0	0	0	2	0	0	0	20	0
Zotu182	42	7	38	0	11	0	0	0	0	0
Zotu1820	4	0	0	0	15	0	0	0	0	0
Zotu1821	0	0	20	0	0	0	0	2	0	0
Zotu1822	25	0	0	0	6	0	0	0	0	0
Zotu1823	1	0	0	9	10	0	0	0	0	0
Zotu1824	42	0	0	0	10	0	0	0	0	0
Zotu1825	0	0	0	0	0	0	0	0	0	0
Zotu1826	0	0	0	20	0	0	0	0	0	0
Zotu1827	1	0	0	0	0	0	0	0	0	0
Zotu1828	20	0	0	0	0	0	0	0	0	0
Zotu1829	17	0	0	0	0	0	0	0	0	0
Zotu183	95	0	0	105	143	218	0	0	0	41
Zotu1830	0	0	0	0	0	0	0	0	0	0
Zotu1831	0	0	0	0	0	0	0	0	0	0
Zotu1832	0	0	0	0	0	7	0	0	0	44
Zotu1833	0	0	0	0	5	0	0	0	0	0
Zotu1834	0	0	0	0	0	0	0	0	0	0
Zotu1835	2	0	0	0	0	2	0	0	0	2
Zotu1836	0	0	0	0	0	0	0	0	0	0
Zotu1837	0	0	0	0	0	1	0	0	0	0
Zotu1838	0	0	0	0	0	21	0	0	0	11
Zotu1839	6	0	0	0	19	5	0	0	0	0
Zotu184	10	218	3	5	30	0	436	22	5	2
Zotu1840	0	0	0	0	0	21	0	0	0	5
Zotu1841	0	0	0	0	0	0	0	0	0	1
Zotu1842	1	0	0	0	1	1	0	0	0	1
Zotu1843	18	0	0	0	19	0	0	0	0	0
Zotu1844	0	0	102	0	1	0	0	2	1	0
Zotu1845	0	0	0	0	0	0	0	0	0	1
Zotu1846	8	0	0	0	1	4	0	1	0	25
Zotu1847	81	0	10	44	39	0	0	0	0	0
Zotu1848	0	0	0	0	32	1	0	0	0	0
Zotu1849	17	0	0	0	14	0	0	0	0	0
Zotu185	102	26	220	94	132	0	0	0	0	0
Zotu1850	0	0	0	0	23	0	0	0	0	0
Zotu1851	0	0	19	0	0	0	0	0	0	0
Zotu1852	0	0	0	0	0	0	0	0	0	0
Zotu1853	0	0	0	0	20	2	0	0	0	0
Zotu1854	0	0	0	0	31	1	0	0	0	4
Zotu1855	2	0	0	0	36	3	0	0	0	1
Zotu1856	1	0	0	0	47	0	0	0	0	0
Zotu1857	0	0	0	0	0	0	0	0	0	0
Zotu1858	0	0	0	0	20	0	0	0	0	0
Zotu1859	0	0	0	0	0	0	0	0	0	0
Zotu186	0	0	0	30	0	0	0	0	0	0
Zotu1860	0	0	0	0	21	0	0	0	0	0
Zotu1861	0	0	0	0	21	0	0	0	0	0
Zotu1862	0	23	0	0	0	0	0	0	0	0
Zotu1863	0	0	0	0	0	0	0	0	0	1
Zotu1864	15	0	0	0	9	0	0	0	0	0
Zotu1865	40	0	0	0	12	0	0	0	0	0
Zotu1866	17	0	68	26	12	20	0	0	10	11
Zotu1867	7	0	1	0	0	1	0	0	0	0
Zotu1868	0	0	0	0	0	0	0	0	26	2
Zotu1869	0	0	0	14	6	0	0	0	0	0
Zotu187	0	0	0	0	0	0	0	0	0	0
Zotu1870	25	0	0	0	0	1	0	0	0	2
Zotu1871	0	0	0	0	0	0	0	0	0	0
Zotu1872	0	0	0	13	4	0	0	0	0	0
Zotu1873	1	0	2	0	4	0	0	0	0	0
Zotu1874	0	0	0	0	10	1	0	0	0	0
Zotu1875	0	0	0	18	8	0	0	0	0	0
Zotu1876	18	0	0	0	0	0	0	0	0	0
Zotu1877	0	0	0	0	0	0	0	0	0	0
Zotu1878	0	0	0	0	35	0	0	0	0	0
Zotu1879	0	0	0	0	0	0	0	0	0	0
Zotu188	1	0	1	11	1	0	0	0	0	0
Zotu1880	20	0	0	0	0	0	0	0	0	0
Zotu1881	0	0	0	0	5	18	0	0	0	0
Zotu1882	0	0	0	27	0	0	0	0	0	0
Zotu1883	0	0	0	3	0	0	0	0	0	0
Zotu1884	115	0	0	6	84	1	0	0	0	0
Zotu1885	0	0	0	1	0	0	0	0	1	0
Zotu1886	0	0	0	0	0	0	25	0	0	0
Zotu1887	0	0	17	0	0	0	0	0	0	0
Zotu1888	0	0	0	0	5	1	0	0	0	0
Zotu1889	16	0	0	0	5	0	0	0	0	0
Zotu189	16	0	0	51	15	0	0	0	0	1
Zotu1890	20	0	0	0	6	0	0	0	0	0
Zotu1891	46	0	0	0	0	0	0	0	0	0
Zotu1892	22	0	0	0	0	0	0	0	0	1
Zotu1893	20	0	0	0	0	0	0	0	0	0
Zotu1894	0	0	0	0	0	0	0	0	0	0
Zotu1895	0	0	0	0	16	0	0	0	0	0
Zotu1896	0	0	23	0	0	0	0	0	0	0
Zotu1897	0	0	0	0	2	27	0	0	0	0
Zotu1898	22	0	0	0	12	0	0	0	0	0
Zotu1899	0	0	0	0	0	0	0	0	0	0
Zotu19	522	0	2201	4650	194	0	1	0	0	0
Zotu190	97	47	0	98	261	19	0	0	0	7
Zotu1900	0	0	0	0	11	0	0	0	0	0
Zotu1901	9	0	0	0	3	2	0	0	0	4
Zotu1902	0	0	0	0	0	0	0	0	0	0
Zotu1903	17	0	0	0	0	0	0	0	0	0
Zotu1904	0	0	0	0	0	0	0	0	0	0
Zotu1905	0	0	0	0	0	0	0	0	0	0
Zotu1906	0	0	0	0	10	5	0	0	0	7
Zotu1907	0	0	0	0	0	9	0	0	0	12
Zotu1908	0	0	0	0	0	0	0	0	26	0
Zotu1909	2	0	2	0	0	45	0	0	0	165
Zotu191	75	104	0	0	231	0	0	0	0	0
Zotu1910	0	0	0	0	0	0	0	0	0	1
Zotu1911	0	0	6	0	0	0	0	0	0	0
Zotu1912	0	0	0	23	0	0	0	0	0	0
Zotu1913	0	0	0	0	20	0	0	0	0	0
Zotu1914	0	0	0	0	16	0	0	0	0	0
Zotu1915	0	0	0	0	5	0	0	0	0	0
Zotu1916	8	0	0	0	0	14	0	0	5	31
Zotu1917	0	7	0	0	1	0	0	0	0	0
Zotu1918	0	0	0	0	0	0	0	0	0	0
Zotu1919	17	0	0	0	8	5	0	0	0	1
Zotu192	2	5	2	2	19	0	484	4	0	0
Zotu1920	804	0	4	41	466	12	0	2	19	10
Zotu1921	0	0	2	0	5	10	0	0	0	16
Zotu1922	16	0	0	0	12	0	0	0	0	0
Zotu1923	0	0	0	0	46	0	0	0	0	0
Zotu1924	0	0	0	0	0	0	0	0	0	0
Zotu1925	0	0	0	0	0	0	0	0	0	0
Zotu1926	0	0	0	0	0	0	0	0	0	0
Zotu1927	16	0	0	0	33	0	0	0	0	2
Zotu1928	0	0	0	0	22	0	0	0	0	1
Zotu1929	13	0	0	0	17	0	0	0	0	0
Zotu193	0	0	219	34	14	0	0	0	0	0
Zotu1930	0	0	0	0	0	0	0	0	0	0
Zotu1931	12	0	0	0	0	0	0	0	0	0
Zotu1932	13	0	0	0	4	0	0	0	0	0
Zotu1933	0	0	0	0	23	0	0	0	0	0
Zotu1934	0	0	0	0	0	0	0	0	0	0
Zotu1935	26	0	0	0	0	0	0	0	0	0
Zotu1936	9	0	0	0	8	0	0	0	0	0
Zotu1937	2	0	0	3	23	25	0	0	0	15
Zotu1938	0	0	0	0	0	0	0	0	0	0
Zotu1939	0	0	0	0	0	0	0	0	32	1
Zotu194	0	0	0	0	0	0	0	0	0	0
Zotu1940	0	0	0	0	0	0	0	0	0	0
Zotu1941	24	0	0	0	0	0	0	0	0	0
Zotu1942	10	0	0	0	6	0	0	0	0	0
Zotu1943	0	0	0	0	2	12	0	0	0	1
Zotu1944	0	0	0	0	34	0	0	0	0	0
Zotu1945	2	0	0	0	18	0	0	0	0	0
Zotu1946	0	0	0	0	0	0	0	0	0	0
Zotu1947	27	0	0	0	1	0	0	0	0	0
Zotu1948	18	0	0	0	6	0	0	0	0	0
Zotu1949	0	0	0	23	0	0	0	0	0	0
Zotu195	10	0	0	0	1	3	0	0	26	1
Zotu1950	1	0	8	6	0	0	0	0	0	0
Zotu1951	0	0	0	0	0	14	0	0	0	26
Zotu1952	0	0	0	16	0	0	0	0	0	0
Zotu1953	0	0	0	18	0	0	0	0	0	1
Zotu1954	0	0	0	0	0	0	0	0	0	0
Zotu1955	0	0	0	0	0	0	0	0	0	0
Zotu1956	0	0	36	0	2	13	0	0	0	2
Zotu1957	1	0	0	35	1	0	0	0	0	0
Zotu1958	0	0	0	0	0	0	0	0	0	0
Zotu1959	288	0	2	16	138	22	0	1	5	14
Zotu196	5	0	0	0	2	0	0	0	0	0
Zotu1960	6	0	0	0	0	0	0	0	0	0
Zotu1961	0	0	0	0	0	0	0	0	19	0
Zotu1962	13	0	0	0	2	0	0	0	0	0
Zotu1963	0	0	0	37	0	0	0	0	0	0
Zotu1964	0	0	0	0	0	0	0	17	0	0
Zotu1965	3	0	0	22	0	0	0	0	0	0
Zotu1966	0	0	0	0	8	0	0	0	0	0
Zotu1967	125	0	62	106	78	1	0	0	153	1
Zotu1968	0	0	14	0	5	0	0	0	3	1
Zotu1969	0	0	0	0	16	0	0	0	0	0
Zotu197	0	0	0	0	0	0	259	103	0	0
Zotu1970	733	0	2	26	351	0	0	0	7	2
Zotu1971	0	0	0	0	0	0	0	0	0	0
Zotu1972	20	0	0	0	13	1	0	0	0	1
Zotu1973	0	26	0	0	0	0	0	0	0	0
Zotu1974	0	0	0	0	0	0	0	0	0	0
Zotu1975	0	0	0	17	0	0	0	0	0	0
Zotu1976	0	0	0	0	24	0	0	0	0	0
Zotu1977	0	0	0	0	0	6	0	0	0	3
Zotu1978	22	0	0	0	0	0	0	0	0	0
Zotu1979	25	0	0	0	0	0	0	0	0	0
Zotu198	0	0	0	0	0	0	0	0	0	0
Zotu1980	3	0	0	0	11	0	0	0	0	0
Zotu1981	0	0	0	0	0	0	0	0	0	0
Zotu1982	0	0	0	0	0	3	0	0	0	0
Zotu1983	2	0	0	0	10	0	0	0	0	0
Zotu1984	0	0	26	0	0	0	0	0	0	0
Zotu1985	0	4	0	0	0	0	0	0	0	0
Zotu1986	0	0	0	0	20	0	0	0	0	0
Zotu1987	0	0	0	0	0	5	0	0	0	0
Zotu1988	0	0	0	0	0	0	0	0	0	0
Zotu1989	11	0	0	0	7	19	0	1	0	36
Zotu199	0	0	2	0	11	2	0	462	0	0
Zotu1990	0	0	0	24	0	0	0	0	0	0
Zotu1991	0	0	0	0	14	0	0	0	0	0
Zotu1992	0	23	0	0	9	0	0	0	0	0
Zotu1993	0	0	0	14	0	0	0	0	0	0
Zotu1994	0	0	0	26	21	2	0	0	0	4
Zotu1995	38	0	3	6	13	0	0	0	0	0
Zotu1996	1	0	0	0	22	0	0	0	0	1
Zotu1997	0	0	0	0	11	3	0	0	0	0
Zotu1998	0	0	0	0	0	0	0	0	0	0
Zotu1999	0	0	0	0	0	0	0	0	0	1
Zotu2	17	0	105	67	26	19168	0	59	1273	30039
Zotu20	154	2986	1228	506	117	1	1947	874	381	3
Zotu200	0	40	144	60	11	0	0	0	0	0
Zotu2000	0	0	0	38	8	0	0	0	0	0
Zotu2001	16	0	0	0	3	1	0	0	0	0
Zotu2002	0	0	0	15	0	0	0	0	0	0
Zotu2003	5	0	0	0	0	12	0	0	0	15
Zotu2004	0	0	0	0	0	0	0	0	0	0
Zotu2005	0	0	0	0	19	1	0	0	0	0
Zotu2006	0	0	0	3	0	2	0	0	0	1
Zotu2007	5	2	0	2	6	0	0	0	0	0
Zotu2008	0	0	0	0	2	13	0	0	0	0
Zotu2009	20	0	0	0	0	0	0	0	0	0
Zotu201	134	0	0	21	334	10	0	0	0	2
Zotu2010	49	0	28	49	32	160	0	0	441	214
Zotu2011	0	0	0	28	0	0	0	0	0	0
Zotu2012	1	0	0	4	0	18	0	0	18	115
Zotu2013	0	0	0	0	0	0	0	0	0	0
Zotu2014	0	0	0	0	0	19	0	0	0	9
Zotu2015	0	0	0	15	2	0	0	0	0	0
Zotu2016	6	0	0	0	20	0	0	0	0	0
Zotu2017	0	0	0	0	17	0	0	0	0	0
Zotu2018	0	0	0	13	4	0	0	0	0	0
Zotu2019	0	0	0	17	0	0	0	0	0	0
Zotu202	29	28	0	1	21	0	0	0	0	0
Zotu2020	0	0	0	34	0	0	0	0	0	0
Zotu2021	0	0	0	0	0	31	0	0	0	10
Zotu2022	0	0	0	0	20	0	0	0	0	0
Zotu2023	4	0	0	0	28	0	0	0	0	0
Zotu2024	0	0	0	0	0	0	0	0	0	0
Zotu2025	0	0	0	0	20	2	0	0	0	1
Zotu2026	0	0	0	0	23	0	0	0	0	0
Zotu2027	0	0	0	0	30	0	0	0	0	0
Zotu2028	0	0	0	0	13	0	0	0	0	0
Zotu2029	0	0	0	4	0	0	0	0	0	0
Zotu203	65	8	11	11	21	88	4	4	2	18
Zotu2030	0	0	0	1	0	1	0	0	0	0
Zotu2031	0	23	0	0	0	0	0	0	0	0
Zotu2032	9	16	3	8	15	0	0	0	0	0
Zotu2033	0	0	9	4	2	0	0	0	0	0
Zotu2034	0	0	0	0	21	0	0	0	0	1
Zotu2035	0	0	35	0	0	0	0	0	0	0
Zotu2036	0	24	0	0	0	0	0	0	0	0
Zotu2037	0	0	0	0	0	4	0	0	0	0
Zotu2038	0	0	0	0	16	0	0	0	0	0
Zotu2039	0	0	0	0	2	26	0	0	0	0
Zotu204	134	66	32	64	66	307	25	36	99	154
Zotu2040	0	0	29	0	0	0	0	0	0	0
Zotu2041	0	0	0	22	0	0	0	0	0	0
Zotu2042	171	0	1	21	149	0	0	0	0	1
Zotu2043	0	0	0	0	17	0	0	0	0	0
Zotu2044	0	0	0	0	22	0	0	0	0	0
Zotu2045	18	0	0	0	0	0	0	0	0	4
Zotu2046	0	0	0	0	0	15	0	0	0	2
Zotu2047	0	0	0	0	13	0	0	0	0	0
Zotu2048	0	21	0	0	0	0	0	0	0	0
Zotu2049	20	0	0	0	0	0	0	0	0	0
Zotu205	53	168	0	0	64	0	0	103	0	0
Zotu2050	8	0	0	0	5	0	0	0	0	0
Zotu2051	0	0	0	0	0	0	0	0	0	0
Zotu2052	0	0	0	0	0	3	0	0	0	3
Zotu2053	28	0	9	19	27	0	0	0	1	0
Zotu2054	18	0	4	0	18	10	1	0	0	6
Zotu2055	0	0	0	0	19	0	0	0	0	0
Zotu2056	0	0	0	0	0	0	0	0	0	0
Zotu2057	0	0	0	0	0	0	0	27	0	0
Zotu2058	20	0	0	0	0	0	0	0	0	0
Zotu2059	0	0	0	0	0	0	0	0	0	0
Zotu206	0	0	0	0	0	0	340	0	0	0
Zotu2060	0	0	0	0	0	0	0	0	0	0
Zotu2061	11	8	0	0	0	0	0	0	0	0
Zotu2062	0	0	8	11	0	0	0	0	0	0
Zotu2063	0	0	0	0	0	0	0	0	0	0
Zotu2064	0	0	0	0	0	0	0	0	0	0
Zotu2065	0	0	0	0	0	0	0	0	0	0
Zotu2066	0	0	0	0	0	0	0	0	1	0
Zotu2067	1	0	3	1	4	0	0	0	0	0
Zotu2068	0	0	0	0	0	21	0	0	0	25
Zotu2069	6	0	0	0	26	1	0	0	0	0
Zotu207	8	0	4	1	0	2	0	0	0	1
Zotu2070	0	0	0	0	0	0	0	0	0	0
Zotu2071	7	0	0	0	24	0	0	0	0	0
Zotu2072	0	0	0	0	14	0	0	0	0	0
Zotu2073	0	0	31	0	0	0	0	0	0	0
Zotu2074	0	0	0	0	0	25	0	0	0	89
Zotu2075	0	0	0	0	0	0	0	0	0	0
Zotu2076	0	0	0	0	14	1	0	0	0	1
Zotu2077	0	0	0	0	0	0	0	0	20	0
Zotu2078	1	0	0	0	0	0	0	0	0	0
Zotu2079	11	0	0	0	0	0	0	0	0	1
Zotu208	0	0	68	12	0	0	0	55	0	2
Zotu2080	111	0	42	80	100	37	0	0	245	26
Zotu2081	0	0	0	16	0	0	0	0	0	0
Zotu2082	2	0	0	0	0	39	0	0	0	3
Zotu2083	0	0	0	0	0	0	0	0	0	0
Zotu2084	0	0	0	0	0	0	0	0	0	0
Zotu2085	14	0	0	0	9	0	0	0	0	0
Zotu2086	0	0	0	26	0	0	0	0	0	0
Zotu2087	11	0	0	0	28	0	0	0	0	0
Zotu2088	0	0	0	0	0	2	0	24	0	0
Zotu2089	22	0	0	0	0	0	0	0	0	0
Zotu209	16	121	1	1	21	0	11	321	1	0
Zotu2090	0	0	0	0	0	0	0	0	0	0
Zotu2091	1070	0	12	73	892	10	0	0	245	5
Zotu2092	10	0	25	5	0	1	0	0	0	1
Zotu2093	0	0	0	0	0	0	0	0	0	0
Zotu2094	0	0	1	0	1	3	0	0	0	3
Zotu2095	0	0	0	0	17	0	0	0	0	4
Zotu2096	4	21	0	0	0	0	0	0	0	0
Zotu2097	0	0	0	0	0	10	0	0	0	1
Zotu2098	0	0	0	0	0	0	17	0	0	0
Zotu2099	0	0	0	0	0	0	0	0	0	0
Zotu21	5533	0	0	126	2011	6	0	0	94	3
Zotu210	0	56	138	49	117	0	0	0	0	0
Zotu2100	21	0	0	0	0	0	0	0	0	0
Zotu2101	0	0	0	0	26	0	0	0	0	0
Zotu2102	0	0	0	0	0	27	0	0	0	1
Zotu2103	145	1	25	69	135	4	0	0	12	1
Zotu2104	0	0	18	0	4	24	0	0	0	2
Zotu2105	0	0	0	0	19	0	0	0	0	1
Zotu2106	0	0	0	0	19	1	0	0	0	0
Zotu2107	0	0	0	1	0	0	0	0	0	0
Zotu2108	0	0	0	0	8	0	0	0	0	0
Zotu2109	0	0	0	5	6	0	0	0	0	0
Zotu211	0	0	0	0	0	3	0	0	0	2
Zotu2110	0	0	0	0	0	0	0	0	0	0
Zotu2111	0	0	0	0	0	0	0	0	0	0
Zotu2112	0	0	0	0	0	0	0	0	0	0
Zotu2113	0	0	0	0	16	0	0	0	0	0
Zotu2114	0	0	0	0	17	0	0	0	0	0
Zotu2115	23	0	0	0	0	0	0	0	0	0
Zotu2116	0	0	0	0	0	0	0	0	0	0
Zotu2117	0	0	0	0	0	2	0	0	0	38
Zotu2118	0	0	0	0	0	0	0	0	0	0
Zotu2119	17	0	0	0	0	0	0	0	0	0
Zotu212	8	0	88	100	1	0	0	0	0	0
Zotu2120	0	0	0	0	0	0	0	0	0	0
Zotu2121	8	0	0	0	26	0	0	0	0	0
Zotu2122	0	0	0	5	0	0	0	0	0	0
Zotu2123	0	0	0	0	0	0	0	0	0	0
Zotu2124	1	0	0	0	0	0	0	0	0	0
Zotu2125	0	0	0	4	7	0	0	0	0	0
Zotu2126	15	0	1	7	10	24	0	0	3	34
Zotu2127	0	0	0	0	8	0	0	0	0	0
Zotu2128	0	0	0	0	0	0	0	0	0	0
Zotu2129	1	0	0	0	0	1	0	0	0	0
Zotu213	0	0	0	0	0	6	0	0	0	0
Zotu2130	1	0	0	2	0	0	0	0	0	0
Zotu2131	11	0	0	0	0	0	0	0	0	0
Zotu2132	0	0	0	0	30	0	0	0	0	2
Zotu2133	0	11	0	0	0	0	0	0	0	0
Zotu2134	0	0	0	0	0	0	0	0	0	0
Zotu2135	0	30	0	0	0	0	0	0	0	0
Zotu2136	0	0	2	1	0	20	0	0	0	56
Zotu2137	0	0	0	0	0	0	0	0	0	0
Zotu2138	0	0	0	15	0	0	0	0	0	0
Zotu2139	0	0	0	0	0	0	0	0	0	0
Zotu214	10	0	0	0	15	4	0	0	0	6
Zotu2140	0	0	0	0	20	0	0	0	0	0
Zotu2141	1	0	0	0	29	0	0	0	0	0
Zotu2142	24	0	0	0	2	0	0	0	0	0
Zotu2143	15	0	0	0	3	0	0	0	0	0
Zotu2144	0	0	15	24	0	0	0	0	0	0
Zotu2145	17	0	0	0	0	0	0	0	0	0
Zotu2146	0	0	0	19	0	0	0	0	0	0
Zotu2147	6	0	4	4	0	0	0	0	0	0
Zotu2148	0	0	0	0	0	0	0	0	0	0
Zotu2149	0	0	0	0	0	0	0	0	0	0
Zotu215	56	0	67	164	70	0	0	0	79	3
Zotu2150	8	0	1	0	5	0	0	0	0	0
Zotu2151	4	0	2	6	1	20	0	0	0	15
Zotu2152	0	0	0	0	0	0	0	0	0	0
Zotu2153	0	0	0	0	0	0	0	0	0	0
Zotu2154	14	0	0	0	0	0	0	0	0	0
Zotu2155	17	0	0	0	0	0	0	0	0	0
Zotu2156	0	0	0	0	16	0	0	0	0	0
Zotu2157	0	0	0	24	0	0	0	0	0	0
Zotu2158	0	0	0	0	19	0	0	0	0	2
Zotu2159	10	2	0	8	12	0	0	0	0	0
Zotu216	4	0	0	0	0	0	89	297	42	0
Zotu2160	0	0	0	0	0	0	0	0	0	0
Zotu2161	6	0	0	0	7	0	0	0	0	2
Zotu2162	0	0	0	0	0	0	0	0	0	0
Zotu2163	3	0	0	0	0	0	0	0	0	0
Zotu2164	0	0	0	11	2	0	0	0	0	0
Zotu2165	0	0	0	0	0	0	0	0	0	0
Zotu2166	0	0	3	0	0	0	0	0	0	0
Zotu2167	0	0	0	26	1	0	0	0	0	0
Zotu2168	14	0	0	0	6	4	0	0	0	0
Zotu2169	2	0	8	0	0	0	0	1	0	0
Zotu217	155	1	0	2	265	0	0	0	0	0
Zotu2170	0	0	0	22	0	0	0	0	0	0
Zotu2171	4	0	0	26	2	0	0	0	0	0
Zotu2172	0	0	0	0	0	21	0	0	0	2
Zotu2173	0	0	0	0	0	0	0	0	0	0
Zotu2174	1	0	0	0	15	0	0	0	0	0
Zotu2175	0	0	0	0	0	0	0	0	0	0
Zotu2176	7	0	0	0	7	0	0	0	0	0
Zotu2177	0	0	0	0	0	0	0	0	0	0
Zotu2178	0	0	0	0	13	0	0	0	0	0
Zotu2179	0	0	0	0	26	0	0	0	0	0
Zotu218	0	0	0	0	8	0	312	0	0	0
Zotu2180	0	0	0	0	0	0	0	0	0	0
Zotu2181	13	0	0	0	0	0	0	0	0	0
Zotu2182	6	0	0	0	24	0	0	0	0	1
Zotu2183	862	0	4	41	555	56	0	1	37	29
Zotu2184	0	0	0	0	5	0	0	0	0	0
Zotu2185	0	30	0	0	0	0	0	0	0	1
Zotu2186	0	0	0	0	4	2	0	0	0	5
Zotu2187	0	21	0	0	0	0	0	0	0	0
Zotu2188	0	32	0	0	0	0	0	0	0	0
Zotu2189	0	0	6	0	0	0	0	0	0	0
Zotu219	1	0	0	0	19	334	0	0	1	164
Zotu2190	5	0	16	0	9	0	0	0	0	0
Zotu2191	0	0	0	0	0	0	0	0	0	0
Zotu2192	0	0	0	0	14	0	0	0	0	0
Zotu2193	0	0	0	0	16	0	0	0	0	0
Zotu2194	0	0	26	0	3	0	0	0	0	0
Zotu2195	0	0	0	0	16	0	0	0	0	1
Zotu2196	0	0	0	14	18	0	0	0	0	0
Zotu2197	0	0	0	0	19	0	0	0	0	0
Zotu2198	4	0	0	0	4	0	0	0	0	1
Zotu2199	0	0	0	12	0	0	0	0	0	0
Zotu22	424	21	202	471	164	0	117	112	1	1
Zotu220	0	132	0	0	0	0	297	0	0	0
Zotu2200	0	0	0	0	45	13	0	0	0	2
Zotu2201	8	0	0	0	23	2	0	0	0	7
Zotu2202	0	0	0	26	0	0	0	0	0	0
Zotu2203	0	0	0	0	22	0	0	0	0	0
Zotu2204	0	0	0	4	1	4	0	0	0	4
Zotu2205	0	0	27	0	0	0	0	0	0	0
Zotu2206	0	0	0	0	19	1	0	0	0	0
Zotu2207	0	0	0	0	1	0	0	0	0	0
Zotu2208	0	10	0	0	12	5	0	0	0	1
Zotu2209	0	0	0	0	9	0	0	0	19	1
Zotu221	305	0	0	9	298	0	0	0	0	0
Zotu2210	0	0	0	0	19	0	0	0	0	0
Zotu2211	11	0	0	0	2	0	0	0	0	0
Zotu2212	0	0	0	0	20	0	0	0	0	0
Zotu2213	0	0	1	0	0	0	0	0	0	0
Zotu2214	0	0	0	0	15	0	0	0	0	0
Zotu2215	0	11	0	0	5	0	0	0	0	0
Zotu2216	0	0	0	0	11	1	0	0	0	0
Zotu2217	0	0	20	0	2	0	0	0	0	0
Zotu2218	3	0	0	0	0	0	0	0	0	1
Zotu2219	2	0	0	0	12	0	0	0	0	1
Zotu222	48	0	0	0	27	267	0	0	0	56
Zotu2220	0	0	0	0	0	4	0	0	0	3
Zotu2221	36	0	0	0	0	0	0	0	0	0
Zotu2222	0	0	0	0	0	2	0	0	0	2
Zotu2223	2	0	1	2	1	0	0	0	0	0
Zotu2224	0	0	0	0	0	0	0	0	0	0
Zotu2225	13	0	0	0	0	0	0	0	0	0
Zotu2226	0	0	0	1	0	0	0	0	0	0
Zotu2227	0	0	0	1	0	0	0	0	0	0
Zotu2228	57	0	0	6	17	0	0	0	0	0
Zotu2229	0	14	0	0	0	0	0	0	0	0
Zotu223	5	0	0	0	2	2	0	0	28	5
Zotu2230	10	0	0	0	0	0	0	0	0	0
Zotu2231	0	0	0	0	1	0	0	0	0	0
Zotu2232	0	0	0	0	0	0	0	0	0	0
Zotu2233	6	0	0	0	7	0	0	0	0	0
Zotu2234	19	0	0	0	0	0	0	0	0	0
Zotu2235	15	0	0	0	0	0	0	0	0	0
Zotu2236	0	0	0	0	0	0	0	0	0	0
Zotu2237	1	0	0	0	0	0	0	0	0	0
Zotu2238	0	0	0	0	0	0	0	0	0	1
Zotu2239	0	0	0	0	8	0	0	0	0	0
Zotu224	3	1	0	1	0	0	0	0	0	0
Zotu2240	0	0	0	0	0	0	0	0	0	0
Zotu2241	1	0	2	0	0	123	0	0	1	50
Zotu2242	15	0	0	0	0	0	0	0	0	0
Zotu2243	0	0	0	0	11	0	0	0	0	2
Zotu2244	0	0	0	0	11	0	0	0	0	0
Zotu2245	0	0	0	0	0	2	0	0	0	0
Zotu2246	0	0	4	0	9	0	0	0	0	0
Zotu2247	4	0	1	1	18	0	0	0	0	0
Zotu2248	0	0	0	0	0	0	0	0	0	0
Zotu2249	0	0	0	0	15	0	0	0	0	0
Zotu225	0	3	0	2	17	0	223	234	0	0
Zotu2250	0	0	0	0	0	0	0	0	0	0
Zotu2251	18	0	0	0	0	0	0	0	0	0
Zotu2252	0	0	0	0	0	0	0	0	0	0
Zotu2253	0	0	0	0	0	0	0	0	0	2
Zotu2254	0	0	0	0	18	0	0	0	0	0
Zotu2255	178	0	0	10	137	1	1	0	0	0
Zotu2256	0	0	0	0	15	0	0	0	0	0
Zotu2257	0	0	0	0	0	0	0	0	0	0
Zotu2258	0	0	0	0	2	0	0	0	0	0
Zotu2259	0	0	0	0	0	0	0	0	0	0
Zotu226	0	0	0	0	0	35	0	0	68	357
Zotu2260	0	0	0	0	0	0	0	0	0	0
Zotu2261	17	0	0	0	5	0	0	0	0	0
Zotu2262	1	0	0	3	4	0	0	0	0	0
Zotu2263	0	0	0	0	0	0	0	10	0	0
Zotu2264	3	0	0	0	17	0	0	0	0	0
Zotu2265	0	0	0	0	27	0	0	0	0	0
Zotu2266	13	0	0	0	9	0	0	0	0	1
Zotu2267	0	0	0	0	0	3	0	0	0	0
Zotu2268	0	0	0	0	0	4	0	0	1	15
Zotu2269	0	0	0	0	0	0	0	14	0	0
Zotu227	12	0	152	1	9	0	0	0	0	0
Zotu2270	0	0	0	15	0	0	0	0	0	0
Zotu2271	11	0	0	0	2	0	0	0	0	0
Zotu2272	0	0	0	0	0	0	0	0	0	0
Zotu2273	1	0	0	11	22	0	0	0	0	0
Zotu2274	15	0	0	0	0	0	0	0	0	0
Zotu2275	11	0	0	0	6	0	0	0	0	0
Zotu2276	0	0	0	0	0	0	0	0	0	0
Zotu2277	0	0	0	0	0	0	0	0	0	0
Zotu2278	0	0	0	0	18	0	0	0	0	0
Zotu2279	0	0	0	0	15	0	0	0	0	0
Zotu228	126	0	0	81	214	0	0	0	0	0
Zotu2280	0	0	0	0	0	0	0	0	0	0
Zotu2281	0	0	0	0	0	0	0	0	0	0
Zotu2282	0	0	0	0	15	0	0	0	0	0
Zotu2283	14	0	0	0	0	0	0	0	0	0
Zotu2284	7	0	0	0	9	0	0	0	0	0
Zotu2285	10	0	0	0	0	0	0	0	0	0
Zotu2286	14	0	0	0	0	0	0	0	0	0
Zotu2287	22	0	0	0	0	0	0	0	0	0
Zotu2288	0	0	0	0	0	0	0	0	0	0
Zotu2289	1	0	0	0	15	0	0	0	0	0
Zotu229	28	0	1	1	10	10	0	0	0	1
Zotu2290	0	0	0	0	10	0	0	0	0	0
Zotu2291	0	0	0	0	0	0	0	0	14	0
Zotu2292	4	0	0	0	5	0	0	0	0	0
Zotu2293	0	0	0	0	0	9	0	0	0	15
Zotu2294	5	0	0	0	7	0	0	0	0	0
Zotu2295	0	0	0	0	0	0	0	0	0	0
Zotu2296	0	0	0	0	0	0	0	0	0	0
Zotu2297	13	0	0	0	3	0	0	0	0	0
Zotu2298	10	0	0	0	0	0	0	0	0	0
Zotu2299	0	0	0	0	13	0	0	0	0	0
Zotu23	140	0	49	106	70	86	189	294	1331	14
Zotu230	73	0	53	150	68	0	0	0	0	0
Zotu2300	0	11	12	0	5	1	0	0	0	0
Zotu2301	0	0	0	0	0	0	0	0	16	0
Zotu2302	0	5	0	4	0	0	0	0	0	0
Zotu2303	21	0	9	0	15	0	0	0	0	1
Zotu2304	4	6	0	0	2	80	0	1	2	16
Zotu2305	0	0	0	0	0	1	0	0	0	53
Zotu2306	0	0	0	0	3	20	0	0	0	2
Zotu2307	0	0	0	0	0	0	0	0	0	0
Zotu2308	18	0	0	0	9	0	0	0	0	0
Zotu2309	0	0	0	0	26	0	0	0	0	3
Zotu231	127	0	0	0	258	0	0	0	0	0
Zotu2310	0	0	0	0	0	0	0	0	0	2
Zotu2311	17	0	0	0	9	0	0	0	0	0
Zotu2312	0	0	0	0	13	0	0	0	0	0
Zotu2313	0	0	0	0	0	0	0	0	0	0
Zotu2314	0	0	0	0	0	15	0	0	0	0
Zotu2315	0	0	0	0	0	0	0	0	0	0
Zotu2316	11	0	0	0	0	0	0	0	0	0
Zotu2317	0	0	0	0	11	0	0	0	0	1
Zotu2318	27	0	0	0	9	1	0	0	0	3
Zotu2319	0	0	0	0	0	7	0	0	0	12
Zotu232	4	0	0	0	5	1	0	0	0	0
Zotu2320	2	0	0	3	4	0	0	0	0	0
Zotu2321	0	0	0	0	15	0	0	0	0	0
Zotu2322	0	0	1	0	0	0	0	0	0	0
Zotu2323	2	0	17	3	1	1	1	3	1	2
Zotu2324	0	0	0	0	2	0	0	11	0	0
Zotu2325	8	0	0	0	14	12	0	0	0	2
Zotu2326	0	0	0	0	0	0	0	0	0	0
Zotu2327	0	0	16	0	3	0	0	0	0	0
Zotu2328	0	0	0	0	0	2	0	0	0	1
Zotu2329	45	12	9	9	12	51	3	20	1	4
Zotu233	30	0	2	11	5	0	0	0	0	0
Zotu2330	0	0	0	0	0	0	0	0	0	0
Zotu2331	6	0	0	0	20	0	0	0	0	2
Zotu2332	0	0	0	0	0	0	0	0	0	0
Zotu2333	0	0	0	0	0	0	0	0	0	0
Zotu2334	12	4	1	16	4	2	0	0	0	1
Zotu2335	0	14	0	0	0	0	0	0	0	0
Zotu2336	7	0	0	0	0	7	0	0	0	10
Zotu2337	0	21	0	0	0	0	0	0	0	0
Zotu2338	0	0	0	0	0	2	0	0	0	6
Zotu2339	0	0	0	0	7	0	0	0	0	0
Zotu234	53	0	0	0	145	0	0	137	0	0
Zotu2340	0	0	0	0	0	0	0	0	0	0
Zotu2341	0	0	0	0	15	0	0	0	0	0
Zotu2342	0	0	0	0	15	0	0	0	0	1
Zotu2343	102	0	0	2	38	56	1	1	12	1
Zotu2344	11	0	0	0	2	0	0	0	0	0
Zotu2345	0	0	0	0	0	0	0	0	0	0
Zotu2346	0	0	0	0	8	0	0	0	0	0
Zotu2347	0	0	0	0	12	0	0	0	0	2
Zotu2348	0	0	0	0	19	0	0	0	0	0
Zotu2349	0	0	0	0	0	0	0	0	0	0
Zotu235	0	0	0	0	1	0	397	0	0	0
Zotu2350	0	0	0	0	0	0	0	0	0	0
Zotu2351	0	0	0	0	0	0	0	0	0	0
Zotu2352	0	0	0	0	0	4	0	0	0	2
Zotu2353	0	0	0	15	17	0	0	0	0	0
Zotu2354	4	1	1	1	3	0	0	0	0	0
Zotu2355	15	0	0	0	0	0	0	0	0	0
Zotu2356	0	0	0	0	24	1	0	0	0	0
Zotu2357	0	0	0	0	0	0	0	0	0	0
Zotu2358	0	0	0	0	0	0	0	0	0	0
Zotu2359	15	0	0	8	0	0	0	0	0	0
Zotu236	0	0	0	0	0	1	0	0	0	0
Zotu2360	0	0	0	19	0	0	0	0	0	0
Zotu2361	0	0	0	5	0	0	0	0	0	0
Zotu2362	0	0	0	0	0	0	0	0	0	2
Zotu2363	0	0	0	12	0	0	0	0	0	0
Zotu2364	0	0	0	0	0	0	0	0	0	0
Zotu2365	0	0	0	0	0	0	0	0	0	0
Zotu2366	0	0	0	0	2	1	0	0	0	0
Zotu2367	0	0	0	0	0	0	0	0	0	0
Zotu2368	0	0	0	0	0	0	0	0	0	0
Zotu2369	0	0	0	0	16	0	0	0	0	0
Zotu237	0	0	0	0	0	0	419	0	0	0
Zotu2370	0	0	0	9	0	0	0	0	0	0
Zotu2371	0	0	0	0	0	0	0	0	0	0
Zotu2372	4	0	0	0	8	14	1	0	0	0
Zotu2373	0	0	0	0	0	0	0	0	0	0
Zotu2374	12	0	0	0	0	0	0	0	0	0
Zotu2375	20	1	1	1	0	0	1	0	0	0
Zotu2376	0	0	1	0	0	0	0	0	0	0
Zotu2377	0	0	0	0	15	0	0	0	0	0
Zotu2378	0	0	0	0	0	0	0	0	0	0
Zotu2379	0	0	0	0	0	0	0	0	0	4
Zotu238	0	0	0	0	5	0	165	194	0	0
Zotu2380	0	0	0	0	0	0	0	0	0	0
Zotu2381	0	0	0	0	10	0	0	0	0	0
Zotu2382	0	0	0	1	2	0	0	0	0	0
Zotu2383	15	0	0	0	0	0	0	0	0	0
Zotu2384	7	0	0	0	22	0	0	0	0	0
Zotu2385	0	0	0	0	3	0	0	0	0	0
Zotu2386	0	0	0	0	9	0	0	0	0	0
Zotu2387	0	0	0	0	0	0	0	0	0	0
Zotu2388	0	0	0	0	0	1	0	0	0	0
Zotu2389	0	0	0	0	0	0	0	0	0	0
Zotu239	2	0	0	0	1	1	0	289	0	0
Zotu2390	0	0	0	0	0	0	0	0	0	1
Zotu2391	0	0	0	0	0	0	0	0	0	0
Zotu2392	0	0	0	0	18	0	0	0	0	1
Zotu2393	0	0	0	0	0	0	0	0	0	0
Zotu2394	0	0	0	0	9	0	0	0	0	0
Zotu2395	6	0	0	0	6	47	0	0	0	4
Zotu2396	0	14	4	0	0	0	0	0	0	0
Zotu2397	0	6	0	0	0	0	0	0	0	0
Zotu2398	0	0	0	0	0	15	0	0	0	1
Zotu2399	0	0	0	0	0	0	0	0	0	0
Zotu24	138	701	1239	431	117	3	2101	705	495	161
Zotu240	39	0	0	0	48	325	0	0	0	12
Zotu2400	0	0	14	0	0	0	0	0	0	0
Zotu2401	0	0	0	0	0	0	0	0	0	0
Zotu2402	0	0	0	0	7	0	0	0	0	0
Zotu2403	0	0	0	0	2	0	0	0	0	0
Zotu2404	9	0	0	0	10	0	0	0	0	0
Zotu2405	0	0	0	0	0	0	0	0	0	0
Zotu2406	7	0	0	0	12	0	0	0	0	5
Zotu2407	0	0	0	0	0	2	0	0	0	1
Zotu2408	15	0	0	0	0	0	0	0	0	0
Zotu2409	0	0	0	9	0	0	0	0	0	0
Zotu241	145	0	0	0	186	0	0	0	0	1
Zotu2410	0	0	0	0	0	0	0	0	0	0
Zotu2411	0	0	10	0	0	0	0	0	0	0
Zotu2412	3	0	0	0	13	0	0	0	0	0
Zotu2413	0	0	0	0	0	0	0	0	0	0
Zotu2414	0	0	0	0	0	0	0	0	0	0
Zotu2415	0	0	0	4	3	0	0	0	0	0
Zotu2416	1	0	0	0	0	0	0	0	0	0
Zotu2417	0	0	0	0	0	9	0	0	0	2
Zotu2418	0	0	0	0	0	1	0	0	0	0
Zotu2419	0	0	0	0	0	0	0	13	0	0
Zotu242	32	0	0	0	0	0	0	0	0	0
Zotu2420	0	0	0	0	0	0	0	0	0	0
Zotu2421	1	2	2	1	1	918	1	0	3	442
Zotu2422	0	0	0	0	0	0	0	0	0	0
Zotu2423	10	0	0	0	0	0	0	0	0	0
Zotu2424	0	0	0	0	0	0	0	0	0	0
Zotu2425	0	0	0	0	0	24	0	0	0	5
Zotu2426	0	0	0	0	17	0	0	0	0	0
Zotu2427	0	0	0	0	0	0	0	0	0	0
Zotu2428	0	0	0	0	4	2	0	0	0	0
Zotu2429	0	0	0	0	0	0	0	0	0	0
Zotu243	0	0	0	0	0	0	0	0	0	0
Zotu2430	0	0	0	0	0	0	0	0	0	0
Zotu2431	0	0	0	0	6	0	0	0	0	1
Zotu2432	0	0	0	0	0	2	0	0	0	3
Zotu2433	17	0	0	0	0	0	0	0	0	0
Zotu2434	0	0	0	0	0	0	0	0	0	0
Zotu2435	2	0	0	0	1	129	0	0	0	53
Zotu2436	0	0	0	3	0	0	0	0	0	0
Zotu2437	17	0	0	0	0	0	0	0	0	0
Zotu244	0	0	0	0	0	184	0	0	0	189
Zotu245	115	0	0	134	13	14	0	0	0	7
Zotu246	153	0	0	0	205	0	0	0	0	0
Zotu247	1	2	0	0	0	0	427	0	0	0
Zotu248	54	5	26	52	50	35	3	0	128	13
Zotu249	37	0	114	0	0	0	0	0	0	0
Zotu25	3764	0	81	342	2760	1	139	84	0	0
Zotu250	0	0	101	0	0	0	187	0	0	0
Zotu251	4	0	1	9	2	404	0	0	1	344
Zotu252	0	0	213	0	0	1	0	0	95	0
Zotu253	1	118	33	3	1	2	119	73	4	0
Zotu254	0	56	0	89	24	34	0	0	33	15
Zotu255	166	0	0	32	122	2	0	0	0	1
Zotu256	21	0	0	0	15	0	0	0	0	0
Zotu257	40	0	0	48	229	0	0	0	0	0
Zotu258	1	5	4	1	0	0	401	7	1	0
Zotu259	0	0	122	98	129	0	0	0	0	0
Zotu26	74	2954	524	122	22	3	792	471	146	0
Zotu260	29	0	79	6	1	0	0	39	0	0
Zotu261	29	0	128	0	22	0	0	0	0	0
Zotu262	0	0	0	0	0	0	384	0	0	0
Zotu263	0	0	0	0	0	0	383	0	0	0
Zotu264	112	0	0	0	200	27	0	0	0	8
Zotu265	9	0	44	24	0	0	0	0	0	0
Zotu266	0	115	0	16	2	0	151	0	22	0
Zotu267	37	0	0	0	22	24	0	0	0	167
Zotu268	21	0	6	13	19	462	0	0	342	616
Zotu269	9	0	0	4	6	267	0	0	1	29
Zotu27	227	78	452	363	71	1	108	0	0	1
Zotu270	0	1	0	1	0	0	0	0	0	0
Zotu271	15	0	0	27	14	0	0	0	0	0
Zotu272	4	0	0	0	27	0	0	0	0	3
Zotu273	0	0	0	0	0	0	352	0	0	0
Zotu274	29	0	258	0	0	0	0	0	0	0
Zotu275	3	0	0	0	22	0	124	174	8	0
Zotu276	203	0	68	21	86	42	0	1	33	1
Zotu277	0	0	0	24	0	0	0	0	4	0
Zotu278	0	0	0	0	0	1	0	0	0	0
Zotu279	0	0	0	0	0	49	340	0	0	14
Zotu28	20	3	3	24	11	4	0	0	0	4
Zotu280	61	0	0	0	53	25	0	0	51	2
Zotu281	0	0	0	0	3	510	0	0	1	417
Zotu282	13	0	0	47	3	0	0	0	0	0
Zotu283	0	0	98	0	2	0	0	0	0	0
Zotu284	0	0	0	0	0	0	412	0	0	0
Zotu285	410	0	4	28	355	10	1	0	8	3
Zotu286	0	2	0	0	0	3	0	0	0	4
Zotu287	0	0	0	0	7	2	0	0	0	1
Zotu288	0	0	1	62	8	0	0	0	0	0
Zotu289	7	0	297	57	3	13	0	0	0	14
Zotu29	315	25	484	240	188	0	0	1	0	1
Zotu290	17	0	43	0	18	0	0	0	0	0
Zotu291	0	0	0	0	0	281	0	0	0	77
Zotu292	0	0	0	0	0	0	354	0	0	3
Zotu293	36	10	103	24	20	0	261	229	58	1
Zotu294	337	0	0	1	186	3	0	0	0	0
Zotu295	0	0	0	0	13	145	0	0	46	51
Zotu296	894	0	0	12	419	0	0	0	0	0
Zotu297	180	0	0	0	155	2	0	0	0	2
Zotu298	0	91	87	0	0	0	0	0	0	0
Zotu299	36	0	0	39	6	0	0	0	0	0
Zotu3	735	19174	4749	2252	579	137	7487	5119	2751	42
Zotu30	1756	0	0	42	407	220	234	1050	172	7
Zotu300	0	0	0	0	0	0	327	0	0	0
Zotu301	68	0	0	16	87	116	0	0	0	23
Zotu302	0	0	0	0	0	0	0	224	83	0
Zotu303	31	0	0	0	11	0	0	0	0	0
Zotu304	24	0	147	0	24	0	0	0	1	0
Zotu305	2	0	0	0	0	4	0	0	0	1
Zotu306	47	0	0	0	148	5	0	0	0	3
Zotu307	1	0	0	0	29	0	354	0	0	0
Zotu308	29	0	0	0	38	0	171	0	0	0
Zotu309	133	0	0	0	85	11	0	0	0	3
Zotu31	106	0	1	0	18	1	85	0	0	0
Zotu310	0	0	0	0	0	0	351	0	0	0
Zotu311	317	0	2	1	132	0	0	0	0	0
Zotu312	44	0	57	0	4	0	0	0	0	0
Zotu313	0	0	0	0	15	0	215	0	0	0
Zotu314	26	0	107	1	1	0	0	0	0	0
Zotu315	13	2	0	0	6	133	0	12	0	30
Zotu316	226	3	30	60	132	92	2	6	194	22
Zotu317	1	0	0	0	0	1	0	0	0	0
Zotu318	0	0	0	0	0	97	0	0	3	185
Zotu319	12	0	136	115	18	109	0	34	60	74
Zotu32	0	2	1	0	0	1093	0	0	247	1534
Zotu320	76	0	0	77	112	0	0	0	0	0
Zotu321	0	0	0	0	0	0	0	199	0	0
Zotu322	0	0	0	0	0	0	294	0	0	0
Zotu323	20	11	17	29	11	75	2	4	0	13
Zotu324	0	0	0	0	0	123	0	0	0	256
Zotu325	0	0	155	19	4	0	0	0	0	0
Zotu326	36	0	7	34	35	0	4	0	0	0
Zotu327	50	0	0	0	168	1	0	0	0	0
Zotu328	64	0	0	0	168	9	0	0	0	7
Zotu329	0	0	194	0	0	0	0	0	0	0
Zotu33	348	1004	503	500	175	0	631	2459	830	6
Zotu330	155	0	25	1	0	0	0	0	170	0
Zotu331	54	129	1	2	22	0	2	105	1	0
Zotu332	0	0	143	42	0	0	0	0	0	0
Zotu333	63	0	0	0	61	172	0	0	0	14
Zotu334	0	0	0	0	24	114	0	0	3	58
Zotu335	18	0	0	84	9	0	0	0	0	0
Zotu336	8	0	0	0	0	0	0	0	0	0
Zotu337	7	0	137	32	33	0	0	0	0	2
Zotu338	11	0	0	0	0	0	0	0	0	0
Zotu339	49	0	55	0	0	0	0	0	0	0
Zotu34	264	73	614	267	69	4	53	25	15	2
Zotu340	17	10	159	48	7	0	0	0	0	0
Zotu341	30	0	0	78	21	0	0	0	0	0
Zotu342	0	210	0	0	0	0	0	0	0	0
Zotu343	49	0	0	53	78	14	0	0	35	6
Zotu344	25	0	0	0	177	3	0	0	0	4
Zotu345	0	0	0	40	0	0	0	216	0	0
Zotu346	104	0	0	38	70	0	0	43	0	0
Zotu347	0	0	0	67	0	0	6	177	0	0
Zotu348	50	0	126	0	75	0	0	0	0	1
Zotu349	0	0	0	0	0	65	0	145	0	2
Zotu35	290	1	225	619	94	0	0	0	1	0
Zotu350	0	0	88	97	14	0	0	0	0	0
Zotu351	1	0	0	0	0	10	227	0	0	2
Zotu352	31	0	1	49	25	4	0	88	13	16
Zotu353	35	0	0	20	139	0	0	0	0	0
Zotu354	9	0	0	0	19	0	0	0	0	0
Zotu355	116	0	0	44	67	0	0	0	12	0
Zotu356	0	0	134	13	1	0	0	0	0	0
Zotu357	0	0	0	0	0	286	0	0	0	20
Zotu358	0	0	0	0	0	0	0	0	0	0
Zotu359	0	0	59	0	0	0	0	0	0	0
Zotu36	84	652	1014	455	59	1	1578	1097	423	2
Zotu360	0	0	0	0	8	0	223	0	0	0
Zotu361	0	0	0	0	5	131	0	6	0	56
Zotu362	1	0	49	0	0	0	0	0	0	0
Zotu363	13	0	0	6	58	50	0	19	0	15
Zotu364	5	2	9	2	1	0	0	0	0	0
Zotu365	0	0	117	0	0	0	0	0	0	0
Zotu366	0	0	0	0	0	41	0	0	25	302
Zotu367	0	0	0	33	14	1	0	0	0	1
Zotu368	1	0	0	1	2	5	0	0	25	294
Zotu369	40	0	52	59	5	0	0	0	0	0
Zotu37	1454	1	34	651	1312	10	0	72	58	35
Zotu370	19	0	155	0	0	0	0	0	0	0
Zotu371	0	0	68	55	3	0	0	30	26	0
Zotu372	10	0	188	0	14	0	0	0	0	0
Zotu373	0	0	0	0	0	0	0	0	0	0
Zotu374	42	0	0	77	24	0	0	0	0	0
Zotu375	0	0	0	141	17	0	0	0	0	0
Zotu376	33	0	0	18	13	0	0	0	0	1
Zotu377	0	0	0	0	0	133	0	0	0	114
Zotu378	20	0	54	28	15	0	0	0	0	0
Zotu379	0	0	0	0	0	0	170	0	0	0
Zotu38	0	0	1	0	4	0	0	0	0	2
Zotu380	0	5	3	0	0	0	0	203	0	0
Zotu381	0	0	119	0	0	0	0	0	0	0
Zotu382	0	0	0	0	0	0	0	0	0	0
Zotu383	63	0	0	0	127	0	0	0	0	3
Zotu384	0	0	0	0	0	0	199	0	0	0
Zotu385	0	0	0	0	0	0	0	160	0	0
Zotu386	31	0	188	0	15	0	0	301	62	0
Zotu387	0	0	0	0	0	0	326	0	0	0
Zotu388	10	0	127	0	0	0	0	0	0	0
Zotu389	0	0	93	0	38	0	0	0	0	0
Zotu39	8	0	1	0	0	1	0	0	0	0
Zotu390	0	0	0	0	0	0	0	0	0	0
Zotu391	0	19	0	0	1	87	0	0	0	104
Zotu392	4	1	156	36	10	0	0	0	0	0
Zotu393	0	0	0	0	16	260	0	0	0	25
Zotu394	0	0	0	0	0	0	242	0	0	0
Zotu395	0	0	90	0	0	0	0	0	0	0
Zotu396	64	0	0	27	142	0	0	0	0	0
Zotu397	0	0	137	12	0	0	0	0	0	0
Zotu398	0	0	0	0	0	166	0	0	0	42
Zotu399	0	52	109	28	56	0	0	0	0	0
Zotu4	947	77	1146	758	609	4191	1358	11572	403	1504
Zotu40	1677	0	0	214	1011	44	0	0	150	10
Zotu400	0	0	0	0	0	0	158	0	0	0
Zotu401	0	0	0	0	0	73	0	0	0	83
Zotu402	0	0	0	0	0	0	0	194	49	0
Zotu403	0	51	106	0	5	0	0	0	0	0
Zotu404	0	0	0	0	0	0	291	0	0	0
Zotu405	0	3	0	34	0	0	0	0	0	0
Zotu406	52	0	0	0	56	10	0	0	0	25
Zotu407	25	0	0	31	97	2	0	0	0	5
Zotu408	0	0	1	0	2	0	0	0	0	0
Zotu409	14	0	0	5	35	0	0	0	0	0
Zotu41	12	1637	383	135	43	2	669	303	130	0
Zotu410	0	0	0	0	0	182	0	0	0	131
Zotu411	31	65	0	0	113	0	0	0	0	3
Zotu412	0	0	0	0	0	0	91	94	0	0
Zotu413	0	0	190	1	0	0	0	0	1	0
Zotu414	75	0	0	4	113	0	0	0	0	0
Zotu415	0	0	0	0	0	0	0	58	0	0
Zotu416	0	0	0	0	0	0	195	0	0	0
Zotu417	0	0	0	21	12	0	0	0	0	0
Zotu418	0	0	0	0	0	0	0	177	0	0
Zotu419	4	0	0	67	89	6	0	0	0	1
Zotu42	316	39	205	436	101	0	0	0	0	0
Zotu420	11	0	86	0	0	0	0	0	0	0
Zotu421	34	27	106	0	2	0	0	0	0	1
Zotu422	48	0	0	3	111	0	0	0	0	1
Zotu423	6	6	76	0	26	0	0	0	0	0
Zotu424	0	0	0	0	0	1	0	0	0	0
Zotu425	458	0	0	6	178	2	0	3	2	0
Zotu426	43	0	0	53	106	24	0	0	0	0
Zotu427	0	0	0	0	0	0	0	0	0	0
Zotu428	0	31	143	0	36	0	0	0	0	0
Zotu429	0	9	0	47	34	0	0	0	0	0
Zotu43	1	1607	18	62	0	1	226	228	0	0
Zotu430	5	0	27	23	3	3	0	0	4	2
Zotu431	0	72	0	40	10	0	0	0	0	0
Zotu432	0	0	0	0	17	61	0	0	0	13
Zotu433	0	0	0	0	0	0	174	0	0	0
Zotu434	0	0	0	0	0	50	0	0	0	156
Zotu435	0	0	185	0	0	0	0	0	0	0
Zotu436	0	0	0	41	0	0	0	0	0	0
Zotu437	1	0	0	0	0	1	0	148	31	1
Zotu438	7	0	125	0	0	0	0	0	0	0
Zotu439	0	0	142	0	0	0	0	0	0	0
Zotu44	226	518	719	157	152	2	365	762	280	3
Zotu440	2	0	0	0	0	306	0	0	1	19
Zotu441	0	0	0	0	7	0	0	150	0	0
Zotu442	103	0	0	0	119	0	0	0	0	0
Zotu443	39	0	0	0	108	0	0	0	0	0
Zotu444	0	167	0	0	0	0	0	0	0	0
Zotu445	6	0	0	45	0	0	0	0	0	0
Zotu446	38	0	0	0	44	3	0	0	42	1
Zotu447	0	0	0	0	0	8	0	0	0	3
Zotu448	0	0	0	1	91	15	0	0	0	1
Zotu449	164	15	0	0	41	1	0	0	0	0
Zotu45	320	3	708	351	137	0	366	549	38	0
Zotu450	0	0	0	0	0	0	195	135	0	0
Zotu451	13	0	139	0	3	0	0	0	0	0
Zotu452	0	0	1	65	22	0	0	0	128	0
Zotu453	60	0	0	23	99	0	0	0	0	0
Zotu454	0	0	0	155	0	0	0	0	0	0
Zotu455	0	0	172	0	0	0	0	0	0	0
Zotu456	22	0	0	32	75	5	0	0	0	8
Zotu457	11	0	2	1	2	0	0	0	0	0
Zotu458	12	0	0	89	54	0	0	0	0	0
Zotu459	19	0	0	0	24	0	0	0	69	1
Zotu46	255	43	711	356	65	0	0	23	0	0
Zotu460	29	0	0	0	121	0	0	0	0	0
Zotu461	0	0	0	0	0	0	243	0	0	0
Zotu462	0	0	162	0	0	0	0	0	0	0
Zotu463	0	0	129	0	0	0	0	0	0	0
Zotu464	0	0	0	0	0	0	0	0	0	0
Zotu465	0	0	108	0	0	0	0	0	0	0
Zotu466	71	0	0	35	74	0	0	0	0	1
Zotu467	12	20	0	0	26	0	0	0	0	0
Zotu468	9	0	83	26	18	0	0	0	0	0
Zotu469	33	0	0	40	84	0	0	0	0	0
Zotu47	76	31	233	28	38	0	0	0	0	0
Zotu470	0	0	0	0	0	3	0	0	0	3
Zotu471	0	0	50	17	0	25	0	0	0	59
Zotu472	85	0	0	0	65	0	0	0	0	0
Zotu473	0	0	0	0	0	0	0	0	0	0
Zotu474	1412	0	7	20	703	10	4	8	13	0
Zotu475	42	0	201	0	0	0	0	0	0	0
Zotu476	0	0	0	0	0	0	0	0	0	0
Zotu477	0	0	35	0	13	0	0	0	88	0
Zotu478	2	0	0	0	16	0	166	0	0	1
Zotu479	104	0	0	0	104	0	0	0	0	0
Zotu48	0	0	0	0	0	4	0	0	0	3
Zotu480	25	0	0	6	81	11	0	0	0	16
Zotu481	0	0	0	0	0	0	0	0	0	0
Zotu482	0	0	135	0	0	0	0	0	0	0
Zotu483	0	0	0	36	2	113	0	0	0	24
Zotu484	2	0	0	0	0	0	0	0	0	0
Zotu485	0	0	0	0	0	0	0	0	0	0
Zotu486	0	0	0	0	0	0	0	0	0	1
Zotu487	10	0	0	1	19	0	0	0	0	0
Zotu488	10	0	72	40	4	0	0	0	0	0
Zotu489	0	0	121	0	0	0	0	0	0	0
Zotu49	2387	0	39	325	907	0	0	0	16	2
Zotu490	1	0	0	0	11	0	0	0	0	0
Zotu491	0	113	0	0	0	0	0	0	0	0
Zotu492	0	0	0	50	10	1	0	0	0	0
Zotu493	0	1	155	0	0	0	0	0	0	0
Zotu494	0	0	0	1	0	0	0	162	0	0
Zotu495	36	0	0	25	55	0	0	0	0	0
Zotu496	5	45	0	1	16	0	0	0	0	0
Zotu497	0	0	60	39	0	0	0	0	0	0
Zotu498	2	6	132	0	14	0	0	0	0	0
Zotu499	0	0	0	0	0	0	39	82	0	0
Zotu5	1640	68	975	661	766	1041	1928	606	256	488
Zotu50	72	60	79	144	45	0	0	0	0	1
Zotu500	0	0	0	0	0	0	178	0	0	0
Zotu501	84	2	16	122	22	0	3	1	0	0
Zotu502	0	0	2	0	2	1	166	6	0	0
Zotu503	0	0	188	0	0	0	0	0	0	0
Zotu504	0	0	110	0	5	0	0	0	0	0
Zotu505	0	0	168	0	0	0	0	0	0	0
Zotu506	0	22	0	18	0	0	66	0	0	0
Zotu507	1	0	1	2	0	6	0	0	0	5
Zotu508	4	0	1	1	2	0	0	0	0	0
Zotu509	1	0	0	70	2	0	0	0	0	0
Zotu51	0	0	0	0	2	919	0	0	208	1339
Zotu510	0	2	2	1	0	0	0	0	0	0
Zotu511	0	0	163	39	0	0	0	0	0	0
Zotu512	0	0	0	0	0	0	0	129	0	0
Zotu513	3	0	86	0	3	0	0	0	0	0
Zotu514	5	0	0	72	81	0	0	0	0	0
Zotu515	1	0	3	4	1	0	0	0	0	0
Zotu516	0	0	0	0	0	0	0	112	0	0
Zotu517	0	0	0	0	0	41	0	0	5	122
Zotu518	0	0	0	0	0	0	0	0	0	0
Zotu519	17	0	61	0	0	0	0	0	0	0
Zotu52	0	0	0	0	0	36	0	0	318	1014
Zotu520	0	0	0	0	0	0	0	0	0	0
Zotu521	23	0	0	55	34	0	0	0	0	0
Zotu522	0	0	0	0	0	0	0	124	0	0
Zotu523	36	0	0	16	64	5	0	0	0	3
Zotu524	0	0	0	0	0	2	0	0	0	0
Zotu525	0	0	141	0	0	0	0	0	0	0
Zotu526	0	0	0	0	0	53	0	0	0	39
Zotu527	0	0	51	0	0	0	0	0	0	0
Zotu528	0	0	0	0	193	0	0	0	0	0
Zotu529	0	0	104	0	0	0	61	0	0	0
Zotu53	223	67	103	62	23	0	0	2	0	0
Zotu530	0	0	1	0	0	85	0	0	0	71
Zotu531	40	0	0	0	116	0	0	0	37	0
Zotu532	32	0	0	66	54	0	0	0	0	0
Zotu533	21	0	0	6	112	0	0	0	0	0
Zotu534	8	0	0	21	0	0	0	0	0	0
Zotu535	3	0	1	1	0	0	0	0	0	0
Zotu536	1	0	0	1	0	0	0	0	0	0
Zotu537	0	128	0	0	0	0	0	0	0	0
Zotu538	0	0	95	0	0	0	0	0	0	0
Zotu539	24	0	42	20	35	0	0	0	0	0
Zotu54	83	0	25	131	26	0	0	0	0	0
Zotu540	593	0	0	4	221	0	0	0	0	0
Zotu541	0	0	0	1	0	1	0	0	0	0
Zotu542	3	0	0	76	57	0	0	0	0	0
Zotu543	0	0	0	0	0	0	0	0	0	0
Zotu544	0	0	109	0	0	0	0	0	0	0
Zotu545	7	2	0	5	3	349	0	0	4	246
Zotu546	24	0	5	4	4	0	0	0	0	0
Zotu547	18	0	0	31	18	0	0	0	34	0
Zotu548	77	0	0	27	21	0	0	0	0	0
Zotu549	0	0	0	0	0	2	0	0	0	2
Zotu55	1102	1	2	366	1212	49	0	0	45	59
Zotu550	27	0	0	31	49	0	0	0	0	0
Zotu551	48	0	10	41	41	0	0	0	0	0
Zotu552	25	5	42	54	9	0	0	0	0	0
Zotu553	0	0	0	0	0	0	0	98	0	0
Zotu554	0	0	0	0	0	0	0	0	0	0
Zotu555	3	0	97	6	3	0	0	0	0	0
Zotu556	0	0	0	0	0	22	133	0	0	22
Zotu557	0	0	0	8	0	16	0	0	37	72
Zotu558	49	0	0	28	38	5	0	0	0	2
Zotu559	24	0	71	4	23	0	0	0	0	0
Zotu56	46	995	406	125	51	3	431	242	111	3
Zotu560	0	138	0	0	0	0	0	0	0	0
Zotu561	0	0	90	0	1	0	0	0	0	0
Zotu562	0	0	162	0	0	0	0	0	0	0
Zotu563	0	0	0	0	0	52	0	0	0	102
Zotu564	26	0	0	0	8	190	0	0	27	4
Zotu565	0	0	0	0	30	72	0	0	0	12
Zotu566	51	0	0	0	49	12	0	0	0	15
Zotu567	3	0	0	0	1	2	0	0	14	163
Zotu568	0	0	0	0	0	0	0	126	0	0
Zotu569	0	164	0	0	0	0	0	0	0	0
Zotu57	16	0	138	126	2	1	0	0	0	11
Zotu570	0	0	1	0	2	0	0	0	1	0
Zotu571	0	0	102	0	0	0	0	0	0	0
Zotu572	48	8	40	25	29	0	0	0	0	0
Zotu573	14	0	11	11	3	2	2	0	1	0
Zotu574	0	0	0	0	0	81	0	0	0	56
Zotu575	0	65	0	0	33	0	0	0	0	1
Zotu576	0	0	0	0	0	1	0	0	116	0
Zotu577	27	0	0	0	78	2	0	0	0	2
Zotu578	0	0	100	0	0	0	0	0	0	0
Zotu579	0	0	0	0	51	6	0	0	0	4
Zotu58	0	0	0	0	0	50	0	0	0	1702
Zotu580	7	0	38	0	0	0	0	0	0	0
Zotu581	0	0	0	0	0	0	0	0	0	0
Zotu582	21	0	18	6	68	0	0	0	0	0
Zotu583	10	0	139	0	0	0	0	0	0	0
Zotu584	0	28	55	0	4	0	0	0	0	0
Zotu585	1213	0	49	148	962	49	1	3	178	22
Zotu586	6	31	51	0	0	0	0	0	0	0
Zotu587	0	21	75	0	0	0	0	0	0	0
Zotu588	9	0	0	22	0	0	0	0	45	3
Zotu589	19	0	0	57	5	0	0	0	0	0
Zotu59	31	0	35	1	4	0	0	0	0	0
Zotu590	10	1	0	57	44	0	0	0	0	0
Zotu591	17	0	0	52	12	0	0	0	0	0
Zotu592	5	0	0	0	9	62	0	0	0	19
Zotu593	0	0	101	34	0	0	0	0	0	0
Zotu594	0	0	41	57	0	3	0	0	0	2
Zotu595	21	0	73	0	10	0	0	0	0	0
Zotu596	0	0	0	0	11	40	0	0	0	7
Zotu597	15	0	1	6	6	1	0	3	0	0
Zotu598	1	0	0	0	14	4	0	0	45	4
Zotu599	0	0	0	0	0	0	0	0	0	0
Zotu6	279	13340	1450	981	189	12	5551	1711	825	6
Zotu60	780	0	0	40	993	0	0	0	0	0
Zotu600	0	0	0	0	27	0	0	105	0	0
Zotu601	17	0	0	4	0	0	0	0	0	0
Zotu602	6	0	6	19	2	193	0	0	4	598
Zotu603	0	0	0	0	9	0	0	110	0	0
Zotu604	0	98	0	0	0	0	0	0	0	0
Zotu605	0	0	0	0	0	0	0	0	0	0
Zotu606	0	0	0	0	0	0	0	0	0	0
Zotu607	121	0	0	26	40	0	0	0	0	0
Zotu608	15	0	0	0	0	0	0	0	0	0
Zotu609	0	0	0	0	0	0	0	97	0	0
Zotu61	106	0	148	84	8	0	0	0	0	0
Zotu610	0	77	0	0	6	12	0	0	0	7
Zotu611	28	0	12	22	21	1	2	0	0	0
Zotu612	63	0	0	0	50	14	0	0	4	0
Zotu613	0	0	0	0	0	0	0	0	0	0
Zotu614	0	0	0	0	0	0	144	0	0	0
Zotu615	27	0	0	0	111	0	0	0	0	1
Zotu616	0	0	0	0	0	0	0	0	0	0
Zotu617	16	0	0	20	51	0	0	0	0	0
Zotu618	25	0	0	38	5	1	0	0	0	0
Zotu619	0	0	0	0	0	0	0	0	0	0
Zotu62	597	0	12	30	167	699	57	243	399	29
Zotu620	2	0	0	0	0	0	0	0	0	0
Zotu621	61	0	0	0	58	3	0	0	0	11
Zotu622	0	0	0	0	0	1	0	0	0	0
Zotu623	0	20	0	0	0	0	0	0	0	0
Zotu624	37	0	0	0	35	3	0	0	0	5
Zotu625	0	0	0	0	0	4	0	0	0	101
Zotu626	0	0	0	0	0	0	0	0	0	0
Zotu627	0	54	41	0	12	1	0	0	0	0
Zotu628	0	0	0	0	0	0	0	110	0	0
Zotu629	0	0	0	0	2	73	0	0	0	47
Zotu63	25	361	155	68	21	0	424	289	40	1
Zotu630	0	146	0	0	0	0	0	0	0	0
Zotu631	0	125	0	1	0	1	0	0	0	0
Zotu632	0	0	0	0	0	83	0	0	0	62
Zotu633	8	0	0	0	19	0	0	0	0	0
Zotu634	0	0	82	8	8	0	0	0	0	5
Zotu635	0	0	0	0	0	0	0	0	0	5
Zotu636	0	0	0	0	0	0	0	0	0	0
Zotu637	0	0	0	0	0	0	0	0	0	0
Zotu638	0	0	73	0	0	0	0	0	0	0
Zotu639	0	0	0	0	24	0	0	0	0	0
Zotu64	94	0	5	7	86	2	0	75	39	2
Zotu640	0	0	94	16	16	0	0	0	0	0
Zotu641	20	136	0	0	0	0	0	0	0	1
Zotu642	0	0	86	0	1	0	0	0	0	0
Zotu643	0	0	0	0	0	0	0	91	0	0
Zotu644	2	0	0	89	2	0	0	0	0	0
Zotu645	59	0	0	0	71	0	0	0	0	0
Zotu646	0	0	101	0	7	0	0	0	0	0
Zotu647	115	0	0	21	35	0	0	0	0	0
Zotu648	11	3	72	23	0	0	0	0	12	0
Zotu649	0	140	0	0	0	0	0	0	0	0
Zotu65	468	0	0	232	965	2	0	0	0	13
Zotu650	25	0	0	0	45	0	0	0	0	0
Zotu651	3	0	0	40	98	0	0	0	0	0
Zotu652	4	0	0	26	0	0	0	0	0	0
Zotu653	0	0	0	0	0	0	0	0	0	0
Zotu654	26	0	0	0	81	7	0	0	0	0
Zotu655	0	0	0	0	0	0	0	74	0	1
Zotu656	0	0	110	0	15	0	0	0	0	0
Zotu657	0	0	0	0	0	0	0	0	0	0
Zotu658	31	0	0	55	9	0	0	0	0	0
Zotu659	0	12	0	7	0	0	0	64	0	0
Zotu66	2	0	2	0	0	0	0	0	0	0
Zotu660	41	0	101	0	38	0	0	0	0	0
Zotu661	0	0	0	72	20	0	0	0	0	0
Zotu662	21	0	25	0	0	0	0	0	0	0
Zotu663	11	107	18	12	8	26	28	41	8	9
Zotu664	0	0	0	0	0	0	0	100	0	0
Zotu665	49	0	0	0	47	0	0	0	0	0
Zotu666	14	0	0	0	0	0	0	0	73	0
Zotu667	0	0	0	0	0	40	0	0	0	37
Zotu668	18	0	86	0	29	0	0	0	0	0
Zotu669	0	0	0	0	0	16	0	0	0	4
Zotu67	68	0	389	121	8	0	0	0	2	0
Zotu670	0	0	0	0	0	0	0	0	0	0
Zotu671	134	0	3	17	88	8	0	1	9	4
Zotu672	28	0	0	0	69	0	0	0	0	0
Zotu673	15	0	0	32	0	0	0	0	0	0
Zotu674	0	0	0	0	0	0	0	0	0	0
Zotu675	17	0	0	0	111	0	0	0	0	0
Zotu676	0	0	0	73	7	0	0	0	0	0
Zotu677	0	0	29	0	0	0	0	66	0	0
Zotu678	0	141	0	0	0	0	0	0	0	0
Zotu679	0	0	92	0	10	1	0	0	0	0
Zotu68	0	0	0	0	0	4	0	0	0	4
Zotu680	0	0	0	84	0	0	0	0	0	0
Zotu681	0	0	0	0	0	0	0	0	0	0
Zotu682	0	0	3	0	3	0	0	0	0	0
Zotu683	0	0	0	0	0	0	0	0	0	1
Zotu684	0	2	1	3	1	0	6	1	111	0
Zotu685	0	0	6	68	0	0	0	0	0	0
Zotu686	0	0	0	0	0	0	0	0	0	0
Zotu687	0	0	0	0	0	0	0	0	0	0
Zotu688	0	0	0	0	0	0	0	0	0	0
Zotu689	0	0	0	1	5	0	0	0	0	0
Zotu69	0	0	0	1	0	0	0	0	0	0
Zotu690	0	97	0	0	4	0	0	0	0	0
Zotu691	0	0	0	28	0	0	0	0	0	0
Zotu692	56	0	0	0	43	2	0	0	0	2
Zotu693	1	0	0	0	0	0	0	0	0	0
Zotu694	0	0	82	0	0	0	0	0	0	0
Zotu695	0	0	0	0	0	0	0	118	0	0
Zotu696	0	0	79	0	0	0	0	0	0	0
Zotu697	0	0	0	0	0	1	0	0	0	2
Zotu698	0	0	98	0	0	0	0	0	0	0
Zotu699	0	0	0	0	0	0	0	0	86	0
Zotu7	195	0	0	12	64	16129	309	924	1646	4323
Zotu70	33	7	130	164	25	0	1	0	0	0
Zotu700	0	0	0	0	0	0	0	0	0	0
Zotu701	0	0	0	0	0	0	0	0	0	0
Zotu702	0	0	0	0	0	60	0	0	0	66
Zotu703	0	0	0	24	0	0	0	0	0	0
Zotu704	30	52	0	0	0	0	0	0	0	0
Zotu705	0	0	108	0	0	0	0	0	0	0
Zotu706	7	0	0	4	0	0	0	0	0	1
Zotu707	109	0	0	0	0	0	0	0	0	1
Zotu708	0	0	0	0	0	0	0	0	0	0
Zotu709	38	0	0	0	48	0	0	0	0	0
Zotu71	17	0	0	0	0	0	0	0	0	0
Zotu710	64	0	0	11	0	0	0	0	0	0
Zotu711	1	0	0	46	46	0	0	0	1	1
Zotu712	0	0	0	74	0	0	0	0	0	0
Zotu713	58	25	0	20	5	0	0	0	0	0
Zotu714	89	0	0	1	27	0	0	0	0	0
Zotu715	1	0	0	0	15	2	0	0	36	2
Zotu716	0	0	0	93	0	0	0	0	0	0
Zotu717	0	0	0	0	0	0	89	0	0	0
Zotu718	0	0	0	0	0	0	0	64	0	0
Zotu719	0	0	0	0	3	158	0	0	0	13
Zotu72	11	0	1337	60	10	46	0	0	4	19
Zotu720	0	0	0	16	0	0	0	0	0	0
Zotu721	49	0	0	0	52	2	0	0	0	6
Zotu722	0	0	0	0	0	0	0	0	0	0
Zotu723	10	0	19	0	37	0	0	0	0	0
Zotu724	0	51	0	38	0	11	0	0	0	2
Zotu725	0	0	0	0	26	1	0	0	0	2
Zotu726	1	0	0	0	0	0	0	0	88	0
Zotu727	59	0	0	0	16	0	0	0	0	0
Zotu728	14	0	0	8	0	0	0	0	0	0
Zotu729	16	0	0	23	0	0	0	0	28	2
Zotu73	141	23	134	64	38	0	0	30	0	0
Zotu730	0	0	0	0	0	0	0	0	0	0
Zotu731	0	0	125	0	19	0	0	0	0	0
Zotu732	21	2	14	82	5	0	0	0	0	0
Zotu733	0	0	1	1	2	1547	2	1	10	912
Zotu734	0	90	0	0	0	0	0	0	0	0
Zotu735	0	0	74	0	0	0	0	0	0	0
Zotu736	33	177	117	13	10	0	62	22	5	0
Zotu737	68	0	0	45	7	0	0	0	0	0
Zotu738	0	0	0	0	0	0	173	0	0	0
Zotu739	2	0	6	1	0	0	0	0	0	0
Zotu74	82	0	171	73	9	2	0	0	9	0
Zotu740	16	0	0	0	0	3	0	0	0	59
Zotu741	45	0	0	2	134	0	0	0	0	1
Zotu742	0	0	0	0	1	66	0	0	2	18
Zotu743	19	0	30	46	0	0	0	0	0	0
Zotu744	0	0	0	0	0	0	0	0	0	0
Zotu745	5	0	0	0	0	6	0	0	0	23
Zotu746	0	0	0	0	0	0	0	0	0	0
Zotu747	0	0	0	0	0	0	0	0	87	0
Zotu748	0	0	46	35	0	0	0	0	0	0
Zotu749	2	0	2	0	0	0	0	0	0	0
Zotu75	32	26	336	245	5	0	664	319	127	1
Zotu750	3	0	0	1	0	1	0	0	0	0
Zotu751	0	0	0	69	24	0	0	0	0	0
Zotu752	0	0	67	0	0	0	0	0	0	0
Zotu753	0	75	0	0	0	0	0	0	0	0
Zotu754	0	0	0	0	0	0	0	0	96	0
Zotu755	28	0	43	24	41	4	0	0	0	3
Zotu756	0	0	74	0	0	0	0	0	0	0
Zotu757	0	0	0	0	0	0	0	106	0	0
Zotu758	0	0	0	0	10	44	0	0	0	8
Zotu759	5	0	0	0	0	0	0	0	0	0
Zotu76	1090	1	1	36	482	4	0	7	0	6
Zotu760	17	0	0	13	65	0	0	0	0	0
Zotu761	0	0	0	0	0	0	0	0	0	0
Zotu762	0	0	98	0	0	0	0	0	0	0
Zotu763	0	0	0	0	3	1	0	0	52	1
Zotu764	0	0	82	0	0	0	0	0	0	0
Zotu765	10	0	53	5	34	6	0	0	0	1
Zotu766	0	0	64	0	0	0	0	0	0	0
Zotu767	59	0	16	7	58	2	0	0	0	0
Zotu768	0	0	0	71	30	0	0	0	0	0
Zotu769	0	0	0	0	0	0	0	0	0	0
Zotu77	167	0	382	200	37	0	0	0	0	0
Zotu770	13	0	0	0	0	2	0	43	0	0
Zotu771	2	0	111	0	0	0	0	0	0	0
Zotu772	0	124	0	0	0	0	0	0	0	0
Zotu773	0	0	0	29	16	16	0	0	0	12
Zotu774	0	47	0	22	4	0	0	52	0	0
Zotu775	14	0	0	57	0	0	0	0	0	0
Zotu776	15	0	0	14	44	2	0	0	0	0
Zotu777	30	0	0	0	46	1	0	0	0	0
Zotu778	0	0	0	0	0	0	0	83	0	0
Zotu779	6	0	0	32	46	0	0	0	0	0
Zotu78	695	0	23	392	713	3	0	0	60	14
Zotu780	24	59	0	0	0	0	0	0	0	0
Zotu781	0	0	0	0	0	5	0	0	8	109
Zotu782	0	0	0	0	0	0	0	0	0	0
Zotu783	144	0	4	6	76	0	0	0	0	0
Zotu784	13	0	0	0	83	1	0	0	0	0
Zotu785	0	0	0	0	16	1	0	0	0	3
Zotu786	0	74	0	0	0	0	0	0	0	0
Zotu787	0	0	43	0	0	0	0	0	0	0
Zotu788	0	0	0	0	3	93	0	0	14	8
Zotu789	0	93	0	0	0	0	0	0	0	0
Zotu79	52	0	16	49	28	0	0	0	0	0
Zotu790	0	0	0	0	0	3	0	0	0	4
Zotu791	0	0	0	71	0	0	0	0	0	0
Zotu792	0	0	94	0	0	0	0	0	0	0
Zotu793	0	0	76	0	0	0	0	0	0	0
Zotu794	0	0	0	0	47	9	0	0	0	2
Zotu795	0	105	0	0	0	0	0	0	0	0
Zotu796	0	0	0	0	0	32	0	0	0	86
Zotu797	0	0	83	0	0	0	0	0	0	0
Zotu798	0	0	0	2	0	0	0	113	0	0
Zotu799	8	0	2	1	0	0	0	0	0	0
Zotu8	14	0	0	12	10	8201	0	0	707	20893
Zotu80	3	0	5	3	1	0	0	0	0	0
Zotu800	2	0	47	0	27	0	0	0	19	0
Zotu801	0	0	0	0	0	0	0	0	95	0
Zotu802	0	0	105	0	0	0	0	0	0	0
Zotu803	0	0	0	0	0	0	0	0	0	0
Zotu804	4	0	1	0	0	0	0	0	0	0
Zotu805	0	0	0	0	0	0	0	0	0	0
Zotu806	25	0	0	22	0	0	0	0	0	0
Zotu807	7	1	0	0	2	10	0	0	11	62
Zotu808	0	0	0	67	22	1	0	0	0	2
Zotu809	0	0	0	1	0	0	0	0	0	0
Zotu81	1	0	0	0	0	1	0	1241	1	0
Zotu810	0	8	0	0	17	0	0	0	0	0
Zotu811	5	2	0	0	0	0	58	0	0	0
Zotu812	0	0	0	0	0	0	0	0	0	0
Zotu813	0	0	0	0	0	0	0	0	0	0
Zotu814	9	0	0	0	0	0	0	0	0	0
Zotu815	10	0	5	0	0	0	0	0	0	0
Zotu816	0	102	0	0	0	0	0	0	0	0
Zotu817	5	0	0	0	0	1	0	0	0	0
Zotu818	0	0	0	0	0	0	103	0	0	0
Zotu819	6	0	0	0	12	22	0	0	30	37
Zotu82	0	1	0	0	0	573	0	0	11	831
Zotu820	4	0	0	0	44	51	0	0	0	5
Zotu821	0	0	0	0	0	1	0	0	0	0
Zotu822	0	0	74	0	0	0	0	0	0	0
Zotu823	7	42	0	10	15	0	0	0	0	0
Zotu824	15	91	23	0	31	0	118	0	0	0
Zotu825	41	0	0	0	46	0	0	0	0	0
Zotu826	43	0	0	0	17	0	0	0	0	0
Zotu827	2	0	0	5	12	0	0	0	0	0
Zotu828	0	0	0	94	0	0	0	0	0	0
Zotu829	0	0	0	0	0	0	0	80	0	0
Zotu83	49	0	0	0	113	854	0	0	0	54
Zotu830	37	0	0	29	37	0	0	0	0	1
Zotu831	0	0	96	0	0	0	0	0	0	0
Zotu832	0	61	0	0	0	0	0	0	0	0
Zotu833	0	0	79	0	0	0	0	0	0	0
Zotu834	40	0	0	32	0	0	0	0	0	0
Zotu835	0	0	75	0	0	0	0	0	0	0
Zotu836	0	0	76	0	0	0	0	0	0	0
Zotu837	0	0	0	0	0	0	0	0	0	0
Zotu838	0	0	10	0	0	0	0	0	0	0
Zotu839	2	0	0	10	21	13	0	0	0	46
Zotu84	502	0	38	233	513	39	0	0	214	26
Zotu840	2	0	87	0	0	0	0	0	0	0
Zotu841	22	0	0	0	43	1	0	0	0	0
Zotu842	13	0	0	0	16	12	0	0	0	3
Zotu843	0	0	0	0	0	0	1	143	0	0
Zotu844	1	0	0	0	0	0	0	0	0	0
Zotu845	0	0	0	0	0	0	0	0	0	0
Zotu846	10	0	0	48	0	2	0	0	0	0
Zotu847	0	0	30	0	20	3	0	0	0	1
Zotu848	3	0	0	23	19	5	0	0	0	2
Zotu849	5	0	0	0	0	3	0	0	0	5
Zotu85	65	0	83	0	9	0	0	0	0	0
Zotu850	0	8	0	0	0	3	0	55	0	1
Zotu851	0	0	0	0	0	0	0	0	0	0
Zotu852	0	0	0	0	0	65	0	0	0	14
Zotu853	0	0	0	70	0	0	0	0	0	0
Zotu854	0	0	0	0	0	0	0	0	0	2
Zotu855	24	0	1	11	27	7	0	0	0	1
Zotu856	0	0	0	0	0	0	0	71	0	0
Zotu857	0	0	0	100	0	0	0	0	0	0
Zotu858	0	0	0	38	44	0	0	0	0	4
Zotu859	0	0	0	0	0	0	0	0	0	0
Zotu86	947	16	0	80	354	1	0	2	0	0
Zotu860	13	0	9	9	6	0	0	0	0	0
Zotu861	0	0	0	70	0	0	0	0	0	0
Zotu862	0	0	0	51	21	0	0	0	0	0
Zotu863	0	0	0	0	0	0	0	0	0	0
Zotu864	0	0	60	0	3	0	0	0	0	0
Zotu865	0	0	0	0	0	0	0	0	0	1
Zotu866	0	0	0	2	0	0	0	0	0	0
Zotu867	0	0	0	0	0	0	0	0	58	0
Zotu868	25	0	0	46	0	0	0	0	0	0
Zotu869	6	0	5	0	6	0	0	0	0	0
Zotu87	25	39	140	68	16	1	0	113	0	0
Zotu870	5	0	75	0	0	0	0	0	0	0
Zotu871	0	71	0	0	3	0	0	0	0	0
Zotu872	0	0	0	0	0	0	252	0	0	0
Zotu873	3	0	0	0	0	0	0	0	0	0
Zotu874	0	0	53	6	20	0	0	0	0	1
Zotu875	0	0	0	0	1	5	0	0	0	0
Zotu876	23	0	0	16	21	0	0	0	0	1
Zotu877	0	0	0	0	0	0	0	0	0	0
Zotu878	0	0	0	0	32	1	0	0	0	0
Zotu879	8	0	0	13	45	1	0	0	0	0
Zotu88	21	839	188	58	6	4	184	130	25	2
Zotu880	0	62	0	0	0	0	0	0	0	0
Zotu881	0	30	0	8	17	0	0	0	0	0
Zotu882	12	32	0	0	13	0	0	0	0	0
Zotu883	0	0	0	0	38	0	0	0	33	2
Zotu884	23	0	0	35	22	0	0	0	0	0
Zotu885	15	0	0	0	55	0	0	0	0	1
Zotu886	33	0	0	0	24	0	0	0	0	0
Zotu887	0	0	0	0	0	18	0	0	0	32
Zotu888	0	0	0	0	68	0	0	0	0	0
Zotu889	48	0	0	1	52	0	0	0	0	0
Zotu89	0	0	0	0	0	207	0	0	207	1029
Zotu890	21	56	0	0	0	0	0	0	0	0
Zotu891	0	15	83	0	9	0	0	0	0	0
Zotu892	0	0	0	0	0	0	0	0	0	2
Zotu893	0	0	0	0	0	0	0	0	0	0
Zotu894	0	0	83	0	0	0	0	0	0	0
Zotu895	0	0	0	0	0	15	0	0	0	89
Zotu896	0	68	61	0	0	0	0	0	0	0
Zotu897	0	0	0	1	0	0	0	0	0	114
Zotu898	0	0	71	0	4	0	0	0	0	0
Zotu899	5	8	5	0	0	0	7	113	1	0
Zotu9	12867	0	154	1337	7540	193	173	202	691	60
Zotu90	44	0	390	146	36	0	0	0	0	0
Zotu900	0	0	75	0	0	0	0	0	0	0
Zotu901	74	0	0	0	0	0	0	0	0	0
Zotu902	24	53	0	0	0	0	0	0	0	0
Zotu903	4	0	0	0	0	199	0	0	66	100
Zotu904	1	15	0	14	18	0	0	0	0	1
Zotu905	16	0	0	0	59	0	0	0	0	0
Zotu906	31	0	0	0	61	0	0	0	0	0
Zotu907	3	0	0	0	0	4	0	0	0	0
Zotu908	0	0	0	0	0	0	0	0	0	0
Zotu909	0	0	64	0	0	0	0	0	0	0
Zotu91	0	0	166	11	8	99	0	46	0	147
Zotu910	0	0	0	0	0	95	0	0	0	16
Zotu911	0	0	30	16	10	0	0	0	0	0
Zotu912	0	65	0	0	0	0	0	0	0	0
Zotu913	0	1	1	0	0	0	0	77	0	0
Zotu914	0	0	60	0	7	0	0	0	0	0
Zotu915	0	0	0	0	1	0	0	0	0	0
Zotu916	0	140	0	0	0	0	0	0	0	0
Zotu917	38	0	4	2	7	25	0	0	0	9
Zotu918	0	0	0	0	0	2	0	0	64	0
Zotu919	0	0	0	0	4	0	0	0	0	0
Zotu92	20	0	0	0	22	0	35	0	0	0
Zotu920	2	0	0	0	6	77	0	3	7	6
Zotu921	0	0	0	0	0	0	0	0	0	0
Zotu922	0	0	0	71	0	0	0	0	0	0
Zotu923	0	0	0	0	0	0	79	0	0	0
Zotu924	3	0	36	0	0	0	0	0	0	0
Zotu925	0	0	65	0	0	0	0	0	0	0
Zotu926	0	0	0	63	0	0	0	0	0	0
Zotu927	0	0	0	65	6	0	0	0	0	0
Zotu928	2	0	22	0	3	0	0	0	0	0
Zotu929	0	0	0	52	0	3	0	0	0	2
Zotu93	73	459	153	65	30	2	544	95	127	0
Zotu930	0	0	0	0	0	0	0	83	0	0
Zotu931	41	0	0	0	19	0	0	0	0	0
Zotu932	32	0	0	0	0	0	0	0	0	0
Zotu933	0	0	2	0	0	0	0	0	0	0
Zotu934	0	0	0	27	1	0	0	0	0	0
Zotu935	20	0	0	14	25	0	0	0	0	3
Zotu936	32	0	0	26	0	0	0	0	0	0
Zotu937	7	0	0	0	4	0	0	0	0	0
Zotu938	0	0	0	0	0	0	0	75	13	0
Zotu939	0	0	0	0	0	0	0	0	0	0
Zotu94	215	0	173	156	54	0	0	0	0	0
Zotu940	0	0	0	0	0	0	0	87	0	0
Zotu941	0	2	61	0	0	0	0	0	0	0
Zotu942	0	0	59	0	7	0	0	0	0	0
Zotu943	10	47	0	0	0	0	0	0	0	0
Zotu944	0	0	0	0	0	0	0	0	0	0
Zotu945	29	43	0	0	0	0	0	0	0	3
Zotu946	0	0	0	0	1	0	0	0	0	0
Zotu947	49	0	0	0	15	0	0	0	0	1
Zotu948	0	17	0	24	25	0	0	0	0	0
Zotu949	6	0	0	0	0	0	0	0	0	0
Zotu95	9	0	0	0	3	5	0	0	0	11
Zotu950	14	24	0	0	31	0	0	0	0	0
Zotu951	0	0	0	65	0	0	0	0	0	0
Zotu952	0	0	0	0	0	0	0	0	0	1
Zotu953	37	0	0	0	16	0	0	0	0	0
Zotu954	129	0	0	0	24	0	0	0	0	0
Zotu955	0	0	0	0	0	0	0	0	0	0
Zotu956	0	0	0	0	0	0	0	101	0	0
Zotu957	4	0	0	0	3	1	1	0	0	0
Zotu958	0	0	0	0	0	0	0	0	0	0
Zotu959	0	0	0	0	3	2	0	0	0	0
Zotu96	76	0	315	125	3	0	0	0	0	0
Zotu960	4	39	0	0	0	0	0	0	0	0
Zotu961	0	0	0	0	0	0	0	0	0	0
Zotu962	0	54	0	0	0	0	0	0	0	0
Zotu963	0	0	0	0	2	21	0	0	8	1
Zotu964	0	0	96	0	0	0	0	0	0	0
Zotu965	0	0	0	0	0	0	65	0	0	0
Zotu966	23	0	0	0	31	0	0	0	0	0
Zotu967	26	0	0	27	0	0	0	0	0	0
Zotu968	0	0	0	0	0	0	0	0	0	0
Zotu969	6	0	0	2	6	51	0	0	0	10
Zotu97	70	0	0	0	99	737	0	57	0	185
Zotu970	0	0	0	0	0	0	0	0	0	0
Zotu971	11	0	36	28	0	0	0	0	0	0
Zotu972	0	0	0	0	0	0	0	0	0	0
Zotu973	0	0	0	0	78	0	0	0	0	0
Zotu974	0	0	0	0	0	0	67	0	0	0
Zotu975	0	0	0	0	0	0	66	0	0	0
Zotu976	0	0	0	89	0	0	0	0	0	0
Zotu977	0	0	0	0	0	0	0	0	0	0
Zotu978	5	0	49	7	28	0	0	0	0	0
Zotu979	0	0	0	0	3	0	0	0	0	0
Zotu98	13	0	346	112	25	0	181	0	0	2
Zotu980	20	16	0	48	3	0	0	0	0	0
Zotu981	37	2	3	10	5	0	0	0	0	0
Zotu982	1	0	0	0	0	0	0	0	0	0
Zotu983	0	0	0	0	0	0	0	0	0	0
Zotu984	0	0	0	69	2	0	0	0	0	2
Zotu985	0	28	0	0	21	2	0	0	0	0
Zotu986	10	0	50	0	0	6	0	0	0	10
Zotu987	7	0	0	0	14	23	0	0	0	13
Zotu988	5	41	40	0	42	0	0	0	0	0
Zotu989	0	0	0	35	0	0	0	0	0	0
Zotu99	39	33	122	17	9	0	18	0	0	0
Zotu990	27	0	0	11	44	0	0	0	0	0
Zotu991	0	0	0	0	3	1	0	0	0	5
Zotu992	0	0	0	0	2	66	0	2	1	2
Zotu993	0	8	0	0	6	1	0	0	0	1
Zotu994	13	3	5	4	18	5	0	0	0	30
Zotu995	0	0	0	0	0	0	0	0	12	3
Zotu996	0	0	0	0	22	0	0	0	0	0
Zotu997	0	0	0	0	0	0	0	0	0	0
Zotu998	15	6	8	8	3	0	2	0	0	0
Zotu999	0	0	55	0	0	0	0	0	0	0
